Adenomera_andreae	-28	-50	2	41	0.0635658914728682	1312
Adenomera_andreae	-12	-74	2	81	0.121439280359820	1334
Adenomera_andreae	-8	-74	2	51	0.0840197693574959	1274
Adenomera_andreae	-8	-70	2	70	0.104947526236882	1334
Adenomera_andreae	-8	-58	3	63	0.0697419000549149	1881
Adenomera_andreae	-4	-66	9	142	0.0753293040464940	5763
Adenomera_andreae	-4	-62	4	94	0.0802597054026529	2608
Adenomera_andreae	-4	-54	3	67	0.0735859417902252	1881
Adenomera_andreae	0	-70	2	38	0.0569715142428786	1334
Adenomera_andreae	0	-58	2	15	0.0247116968698517	1274
Adenomera_andreae	0	-54	2	24	0.0395387149917628	1214
Adenomera_andreae	4	-54	221	108	0.0209861366465716	134147
Adenomera_heyeri	4	-54	3	52	0.0562223007112589	1941
Adenomera_hylaedactyla	-16	-50	2	0	0	1274
Adenomera_hylaedactyla	-12	-74	3	4	0.00439319055464031	1881
Adenomera_hylaedactyla	-12	-58	12	112	0.0539882073341044	7764
Adenomera_hylaedactyla	-8	-50	4	52	0.0429785107446277	2668
Adenomera_hylaedactyla	-4	-66	4	17	0.0127436281859070	2668
Adenomera_hylaedactyla	-4	-62	2	44	0.0659670164917541	1334
Adenomera_hylaedactyla	-4	-54	5	61	0.0400013337647486	3275
Adenomera_hylaedactyla	0	-54	3	31	0.0308684208143045	1941
Adenomera_hylaedactyla	0	-50	2	32	0.0479760119940030	1334
Adenomera_hylaedactyla	4	-62	4	3	0.00184792282606637	2548
Agalychnis_granulosa	-8	-34	3	7	0.0121212121212121	1155
Allobates_brunneus	-4	-54	11	6	0.00642266824085006	4235
Allobates_caeruleodactylus	-8	-62	4	2	0.00259740259740260	1540
Allobates_conspicuus	-8	-74	2	0	0	770
Allobates_femoralis	-12	-70	5	74	0.0231660231660232	2734
Allobates_femoralis	-8	-74	3	0	0	1155
Allobates_femoralis	-8	-66	44	57	0.0226544900010399	26840
Allobates_femoralis	-8	-62	10	17	0.00859744990892532	6100
Allobates_femoralis	-4	-74	2	127	0.159147869674185	1600
Allobates_femoralis	-4	-62	21	95	0.0563934426229509	12810
Allobates_femoralis	-4	-58	12	53	0.0434426229508196	7320
Allobates_femoralis	-4	-54	3	1	0.00173160173160173	1155
Allobates_femoralis	0	-78	3	3	0.00519480519480520	1155
Allobates_nidicola	-8	-62	3	0	0	1155
Allobates_talamancae	8	-82	2	10	0.0259740259740260	770
Allobates_trilineatus	-12	-70	2	1	0.00259740259740260	770
Allobates_zaparo	0	-78	2	1	0.00259740259740260	770
Alsodes_gargola	-44	-70	5	2	0.000531349628055260	3099
Alsodes_gargola	-40	-70	2	0	0	1510
Alytes_maurus	36	-6	2	1	0.00286532951289398	698
Alytes_obstetricans	40	-2	7	6	0.00657774109193750	4135
Alytes_obstetricans	40	2	4	0	0	1540
Alytes_obstetricans	44	-10	2	0	0	770
Alytes_obstetricans	44	-6	2	2	0.00519480519480520	770
Ambystoma_barbouri	40	-86	4	0	0	4558
Ambystoma_texanum	40	-82	4	0	0	4558
Ameerega_altamazonica	-8	-74	2	3	0.0109090909090909	553
Ameerega_bassleri	-8	-78	23	72	0.0282483387058206	16767
Ameerega_bilinguis	0	-74	2	1	0.00259740259740260	770
Ameerega_hahneli	-12	-70	6	93	0.0401680391026650	3482
Ameerega_hahneli	-8	-78	6	108	0.0637806814257089	4995
Ameerega_hahneli	-8	-74	4	8	0.0116883116883117	1540
Ameerega_hahneli	-8	-62	4	0	0	1540
Ameerega_hahneli	-4	-74	2	20	0.0250312891113892	1601
Ameerega_petersi	-8	-74	3	15	0.0484401737527972	641
Ameerega_pongoensis	-8	-78	4	6	0.00462326879203453	3276
Ameerega_simulans	-12	-70	2	27	0.0423861852433281	1398
Ameerega_smaragdina	-12	-74	2	4	0.00883002207505519	1202
Ameerega_trivittata	-12	-70	2	0	0	770
Ameerega_trivittata	-8	-78	6	31	0.0188280414207592	4761
Ameerega_trivittata	-8	-74	6	24	0.0184833024118738	3142
Ameerega_trivittata	-8	-62	2	0	0	770
Ameerega_trivittata	-4	-74	5	49	0.0261218837121118	3912
Ameerega_trivittata	-4	-70	3	12	0.0311688311688312	1460
Amphiuma_pholeter	28	-82	2	21	0.0322580645161290	1302
Amphiuma_pholeter	32	-86	7	18	0.0136054421768707	4557
Amphiuma_pholeter	32	-82	2	4	0.00614439324116744	1302
Amphiuma_tridactylum	32	-90	5	80	0.0502304147465438	3255
Anaxyrus_punctatus	20	-102	3	6	0.00600600600600601	1998
Anaxyrus_punctatus	24	-102	9	17	0.00784117450784118	5994
Anaxyrus_punctatus	28	-106	4	8	0.00600600600600601	2664
Anaxyrus_punctatus	32	-114	3	9	0.00900900900900901	1998
Andinobates_claudiae	8	-82	6	2	0.00419723540123893	2297
Andinobates_virolinensis	8	-74	5	6	0.00430434782608696	3490
Andrias_davidianus	24	114	2	1	0.00327868852459016	611
Andrias_davidianus	28	110	3	10	0.0217864923747277	918
Andrias_davidianus	28	118	4	6	0.00980392156862745	1224
Andrias_davidianus	32	102	2	0	0	612
Andrias_davidianus	32	106	2	4	0.0130718954248366	612
Andrias_davidianus	36	110	4	0	0	1250
Andrias_japonicus	36	138	2	1	0.000876424189307625	2282
Anomaloglossus_praderioi	4	-58	2	0	0	770
Anomaloglossus_roraima	4	-58	3	2	0.00346320346320346	1155
Aromobates_nocturnus	8	-70	2	0	0	770
Atylodes_genei	44	6	2	0	0	450
Atylodes_genei	44	10	3	39	0.0337986665432424	2254
Babina_holsti	28	126	4	34	0.0207373271889401	4452
Babina_holsti	28	130	24	35	0.00421425232084420	26096
Batrachoseps_attenuatus	36	-122	304	115	0.0332052252103842	205808
Batrachoseps_attenuatus	36	-118	6	3	0.00147710487444609	4062
Batrachoseps_attenuatus	40	-122	26	108	0.0484263151914556	17602
Batrachuperus_karlschmidti	28	102	5	33	0.0250293927880135	3756
Batrachuperus_karlschmidti	32	98	3	0	0	2259
Batrachuperus_karlschmidti	32	102	8	79	0.0358090185676392	6032
Batrachuperus_londongensis	28	102	13	26	0.0157899593158290	9790
Batrachuperus_pinchonii	28	102	16	24	0.0105141734817365	12042
Batrachuperus_pinchonii	32	102	12	39	0.0156419344157686	9033
Batrachuperus_tibetanus	32	102	13	36	0.0187038947655275	9791
Batrachuperus_tibetanus	32	106	19	75	0.0355681922462903	14291
Batrachuperus_tibetanus	36	102	6	9	0.00583812700861746	4523
Batrachuperus_tibetanus	36	106	3	0	0	2262
Batrachuperus_yenyuanensis	28	102	12	30	0.0167992926613616	9048
Boehmantis_microtympanum	-24	46	2	0	0	1033
Bokermannohyla_astartea	-24	-46	2	0	0	770
Bokermannohyla_circumdata	-28	-50	2	0	0	770
Bokermannohyla_hylax	-24	-46	2	0	0	770
Bolitoglossa_carri	12	-86	2	0	0	1191
Bolitoglossa_celaque	16	-90	2	1	0.00166666666666667	1200
Bolitoglossa_gracilis	8	-82	2	3	0.00463678516228748	1294
Bolitoglossa_macrinii	16	-98	2	20	0.0309119010819165	1294
Bolitoglossa_mombachoensis	12	-86	2	0	0	1294
Bolitoglossa_morio	16	-90	2	35	0.0646950092421442	1139
Bolitoglossa_palmata	0	-82	2	0	0	1294
Bolitoglossa_paraensis	-4	-66	2	53	0.0850722311396469	1270
Bolitoglossa_pesrubra	8	-82	8	34	0.0174058517617278	5112
Bolitoglossa_platydactyla	20	-98	2	20	0.0344827586206897	1227
Bolitoglossa_rostrata	16	-90	2	3	0.0142180094786730	562
Bolitoglossa_subpalmata	12	-86	3	21	0.0218861524467901	1905
Bolitoglossa_zapoteca	16	-98	2	0	0	1294
Bombina_bombina	40	30	2	5	0.00456204379562044	2237
Bombina_bombina	44	14	3	0	0	3288
Bombina_bombina	44	26	8	9	0.00221584984358707	8768
Bombina_bombina	44	30	4	1	0.000456204379562044	4384
Bombina_bombina	48	18	10	3	0.000689375506893755	11005
Bombina_bombina	48	22	30	16	0.00372304723550633	32880
Bombina_bombina	52	14	10	1	0.000425790754257907	10960
Bombina_bombina	52	18	18	11	0.00120461810028148	19773
Bombina_bombina	52	22	7	3	0.000782064650677789	7672
Bombina_bombina	52	30	4	9	0.00410583941605839	4384
Bombina_bombina	56	10	4	0	0	4384
Bombina_bombina	56	22	2	2	0.00182481751824818	2192
Bombina_bombina	56	26	3	0	0	3288
Bombina_lichuanensis	32	110	2	0	0	2282
Bombina_microdeladigitora	16	106	2	0	0	2282
Bombina_variegata	40	22	20	15	0.00194006915097965	21965
Bombina_variegata	40	26	3	2	0.00121654501216545	3288
Bombina_variegata	44	6	4	1	0.000456204379562044	4384
Bombina_variegata	44	10	9	123	0.0464821573398216	9864
Bombina_variegata	44	14	4	51	0.0232664233576642	4384
Bombina_variegata	44	18	4	11	0.00501824817518248	4384
Bombina_variegata	44	22	23	105	0.0266798418972333	25208
Bombina_variegata	44	26	26	97	0.0313082537900055	28541
Bombina_variegata	44	30	3	2	0.00121654501216545	3288
Bombina_variegata	48	10	3	2	0.00121654501216545	3288
Bombina_variegata	48	14	3	0	0	3288
Bombina_variegata	48	18	28	88	0.0198679631570807	30823
Bombina_variegata	48	22	55	16	0.00195630268622966	60280
Bombina_variegata	48	26	2	0	0	2192
Bombina_variegata	52	6	4	0	0	4384
Bombina_variegata	52	14	2	3	0.00273722627737226	2192
Bombina_variegata	52	18	10	2	0.000648824006488240	10960
Bombina_variegata	52	22	7	0	0	7672
Boophis_idae	-20	50	2	0	0	1075
Boophis_luteus	-20	50	2	0	0	1045
Boophis_rappiodes	-20	50	2	0	0	1044
Boulengerula_taitana	-4	38	3	17	0.0137485666002776	2348
Boulengerula_uluguruensis	-8	38	5	14	0.00786174750535601	3944
Buergeria_buergeri	32	130	5	7	0.00766423357664234	2740
Buergeria_buergeri	36	134	9	73	0.0699236894492369	6118
Buergeria_buergeri	36	138	7	3	0.00191171359054571	3836
Buergeria_buergeri	40	142	3	3	0.00364963503649635	1644
Buergeria_japonica	28	126	3	1	0.00121654501216545	1644
Buergeria_robusta	24	122	3	2	0.00243309002433090	1644
Bufo_japonicus	32	130	2	7	0.00809248554913295	1730
Bufo_japonicus	36	134	7	16	0.00685387292511518	6471
Bufo_japonicus	36	138	31	125	0.0406457230006540	25450
Bufo_japonicus	36	142	2	31	0.0373044524669073	1662
Bufo_japonicus	40	142	4	26	0.0150289017341040	3460
Calotriton_asper	44	-2	2	0	0	757
Chioglossa_lusitanica	44	-6	3	0	0	1110
Colostethus_fraterdanieli	4	-78	3	0	0	1155
Craugastor_crassidigitus	8	-82	29	134	0.0370988590556001	21995
Craugastor_crassidigitus	8	-78	5	69	0.0531615816287914	3427
Craugastor_crassidigitus	12	-82	9	1	0.000466853408029878	6357
Craugastor_fitzingeri	8	-82	15	29	0.0119780294854549	11350
Craugastor_fitzingeri	8	-78	10	52	0.0202857813518917	6903
Craugastor_fitzingeri	12	-82	2	5	0.00803858520900322	1271
Craugastor_fitzingeri	16	-86	3	2	0.00103039670273055	1965
Craugastor_raniformis	8	-78	4	22	0.0172158130341123	2663
Craugastor_tabasarae	8	-82	3	164	0.153127917833800	2142
Craugastor_talamancae	8	-82	2	95	0.133053221288515	1428
Craugastor_talamancae	8	-78	3	2	0.00186741363211951	2142
Cryptotriton_veraepacis	16	-90	6	2	0.00277056277056277	2310
Cynops_cyanurus	24	102	2	0	0	614
Cynops_ensicauda	28	126	21	57	0.00782938942448144	23961
Cynops_ensicauda	28	130	19	131	0.0284914740839829	21679
Cynops_pyrrhogaster	32	130	23	96	0.0267811676187244	26243
Cynops_pyrrhogaster	32	134	7	109	0.0290472017027670	7987
Cynops_pyrrhogaster	36	130	4	50	0.0230791703184341	4564
Cynops_pyrrhogaster	36	134	27	138	0.0415964403694466	30807
Cynops_pyrrhogaster	36	138	33	175	0.0490913738613126	37653
Cynops_pyrrhogaster	36	142	7	26	0.00943199365635825	7987
Cynops_pyrrhogaster	40	138	5	19	0.00701139351446100	5705
Cynops_pyrrhogaster	40	142	8	15	0.00538374859146112	9128
Cynops_pyrrhogaster	44	146	2	100	0.0876424189307625	2282
Dendrobates_auratus	8	-82	4	0	0	1845
Dendrobates_tinctorius	4	-58	6	26	0.0119630609381435	4162
Dendrobates_tinctorius	4	-54	8	10	0.00486519170121161	6303
Dendropsophus_branneri	-8	-38	2	4	0.00653594771241830	1224
Dendropsophus_branneri	-8	-34	14	14	0.00606909430438841	8568
Dendropsophus_nanus	-32	-58	2	0	0	770
Discoglossus_galganoi	36	-6	4	2	0.00281162631218020	1481
Discoglossus_galganoi	40	-6	14	2	0.00148166440301272	5013
Discoglossus_galganoi	40	-2	5	2	0.00337078651685393	1780
Discoglossus_galganoi	44	-6	8	2	0.00175561797752809	4418
Discoglossus_jeanneae	36	-6	9	0	0	3261
Discoglossus_jeanneae	40	-6	2	0	0	712
Discoglossus_jeanneae	40	-2	28	3	0.000600246908433105	10084
Discoglossus_jeanneae	44	-2	2	0	0	741
Discoglossus_montalentii	40	10	16	29	0.00894830659536542	14960
Discoglossus_montalentii	44	10	3	4	0.00694444444444444	1152
Discoglossus_pictus	32	-2	2	6	0.0156250000000000	768
Discoglossus_pictus	36	6	2	19	0.0535211267605634	740
Discoglossus_pictus	36	10	3	23	0.0395478105987832	1115
Discoglossus_pictus	40	14	3	19	0.0329861111111111	1152
Discoglossus_pictus	44	2	2	3	0.00781250000000000	769
Discoglossus_sardus	44	10	4	11	0.0187319884726225	1425
Duttaphrynus_melanostictus	12	106	2	0	0	982
Echinotriton_andersoni	28	126	3	10	0.00585823081429408	3417
Echinotriton_andersoni	28	130	2	0	0	2282
Eleutherodactylus_atkinsi	20	-74	6	12	0.0117877430549983	3404
Eleutherodactylus_casparii	20	-82	3	1	0.000927913337930928	2206
Eleutherodactylus_cooki	28	-98	2	0	0	1154
Eleutherodactylus_coqui	20	-154	11	0	0	7106
Eleutherodactylus_coqui	20	-66	51	77	0.0292788790696614	32926
Eleutherodactylus_cubanus	20	-78	11	3	0.00161354809286899	6248
Eleutherodactylus_etheridgei	20	-74	7	1	0.00128199475485104	3485
Eleutherodactylus_guanahacabibes	20	-86	3	1	0.000873798026682333	2295
Eleutherodactylus_guanahacabibes	24	-86	2	0	0	1432
Eleutherodactylus_guanahacabibes	24	-82	2	1	0.00131926121372032	1527
Eleutherodactylus_iberia	20	-74	95	54	0.0224380255323718	46183
Eleutherodactylus_jaumei	20	-78	17	17	0.0119969641102075	9032
Eleutherodactylus_orientalis	20	-74	26	78	0.0717125823903355	13210
Eleutherodactylus_planirostris	20	-82	9	17	0.00775543414261146	6869
Eleutherodactylus_planirostris	20	-78	12	6	0.00197797774835489	8840
Eleutherodactylus_planirostris	24	-82	17	63	0.0172327464567738	12910
Eleutherodactylus_planirostris	24	-78	8	11	0.00441286180321060	6034
Eleutherodactylus_planirostris	56	-2	3	0	0	2227
Eleutherodactylus_rogersi	24	-78	2	2	0.00260416666666667	1537
Eleutherodactylus_rogersi	24	-74	4	1	0.000653037852241203	3067
Eleutherodactylus_tonyi	20	-78	6	21	0.00931797979035492	4320
Eleutherodactylus_tonyi	20	-74	4	3	0.00195058517555267	3076
Eleutherodactylus_varleyi	24	-82	2	0	0	1784
Ensatina_eschscholtzii	36	-122	140	263	0.0779490930704089	93923
Ensatina_eschscholtzii	36	-118	32	138	0.0549842306060265	21108
Ensatina_eschscholtzii	40	-126	6	58	0.0317096129508290	4075
Ensatina_eschscholtzii	40	-122	161	301	0.0756934505285414	104902
Ensatina_eschscholtzii	44	-122	5	25	0.0213174388229597	2982
Epipedobates_machalilla	0	-78	2	1	0.00259740259740260	770
Euphlyctis_cyanophlyctis	8	82	2	3	0.00531914893617021	1128
Euphlyctis_cyanophlyctis	24	90	7	6	0.00303951367781155	3948
Euproctus_montanus	40	10	193	87	0.0236825370604634	124099
Eupsophus_calcaratus	-44	-74	3	23	0.00519480519480520	1773
Eupsophus_insularis	-40	-74	2	0	0	770
Eupsophus_migueli	-40	-74	2	0	0	770
Eupsophus_roseus	-52	-70	2	2	0.00519480519480520	770
Eurycea_longicauda	32	-86	2	1	0.00151745068285281	1351
Eurycea_longicauda	36	-98	3	88	0.0890237733940314	1977
Eurycea_longicauda	36	-94	14	39	0.0147305876822485	9325
Eurycea_longicauda	36	-90	14	118	0.0626791327735129	9292
Eurycea_longicauda	36	-86	18	44	0.0199852699838621	11960
Eurycea_longicauda	36	-82	2	2	0.00321027287319422	1282
Eurycea_longicauda	40	-90	2	59	0.0895295902883156	1318
Eurycea_longicauda	40	-86	8	5	0.00216778668978972	5305
Eurycea_lucifuga	32	-86	3	7	0.00708143651997977	1977
Eurycea_lucifuga	36	-98	3	0	0	1977
Eurycea_lucifuga	36	-94	4	21	0.0163744345236680	2615
Eurycea_lucifuga	36	-90	7	31	0.0137293157020016	4646
Eurycea_lucifuga	36	-86	16	61	0.0166464260519168	13773
Eurycea_lucifuga	36	-82	3	34	0.0343955488113303	1977
Eurycea_lucifuga	40	-86	2	29	0.0440060698027314	1318
Eurycea_sosorum	32	-98	3	23	0.0199275362318841	2557
Eurycea_tonkawae	32	-98	5	15	0.0225131800795221	1722
Eurycea_tridentifera	32	-98	2	0	0	677
Fejervarya_iskandari	-8	106	2	1	0.00169204737732657	1182
Fejervarya_iskandari	-8	110	2	2	0.00288600288600289	1386
Fejervarya_limnocharis	-8	106	2	5	0.00846023688663283	1182
Fejervarya_limnocharis	-8	110	2	5	0.00761035007610350	1350
Fejervarya_limnocharis	4	102	5	6	0.00505186493047892	3156
Fejervarya_limnocharis	8	98	4	15	0.0111051296774811	2595
Gephyromantis_blanci	-24	46	4	0	0	2063
Gephyromantis_boulengeri	-24	46	6	37	0.0409825398827344	3101
Gephyromantis_boulengeri	-20	50	4	1	0.000956022944550669	2120
Gephyromantis_decaryi	-24	46	11	33	0.0143409076567330	5844
Gephyromantis_decaryi	-20	46	6	1	0.000194363459669582	2927
Gephyromantis_eiselti	-20	50	3	1	0.00143400696906232	1878
Gephyromantis_enki	-24	46	2	1	0.00206611570247934	1054
Gephyromantis_leucocephalus	-24	46	3	1	0.00129962417300962	1544
Gephyromantis_redimitus	-20	50	2	143	0.319910514541387	998
Gephyromantis_webbi	-16	50	2	34	0.0688259109311741	1081
Guibemantis_liber	-24	46	4	52	0.0601970514564280	2210
Guibemantis_liber	-20	46	7	114	0.0952689684803059	3830
Guibemantis_liber	-20	50	2	0	0	1104
Guibemantis_liber	-16	46	3	4	0.00508985583473288	1623
Haddadus_binotatus	-24	-46	2	1	0.00261096605744125	1115
Heterixalus_alboguttatus	-24	46	54	32	0.0182616523672169	17644
Heterixalus_alboguttatus	-20	46	4	14	0.0221518987341772	1264
Heterixalus_alboguttatus	-20	50	22	14	0.0105896213491150	6952
Heterixalus_alboguttatus	-16	50	10	12	0.0182137834036568	3160
Heterixalus_betsileo	-24	46	8	26	0.0286624203821656	2512
Heterixalus_betsileo	-20	46	47	55	0.0440105849410753	15340
Heterixalus_betsileo	-20	50	17	24	0.0185774946921444	5920
Heterixalus_betsileo	-16	46	7	7	0.00758265089475281	2198
Heterixalus_boettgeri	-24	46	9	11	0.0134493670886076	3424
Heterixalus_luteostriatus	-16	46	2	5	0.00558035714285714	1792
Heterixalus_madagascariensis	-24	46	3	2	0.00421940928270042	948
Heterixalus_madagascariensis	-20	46	3	1	0.00210970464135021	948
Heterixalus_madagascariensis	-20	50	27	45	0.0314278373624987	9692
Heterixalus_madagascariensis	-16	50	25	13	0.0131939599322236	9060
Heterixalus_punctatus	-16	50	3	12	0.00901857000285144	2627
Heterixalus_tricolor	-16	46	2	1	0.00122549019607843	1712
Heterixalus_tricolor	-12	50	2	0	0	1792
Heterixalus_variabilis	-12	50	3	21	0.0152666932694866	2687
Hoplobatrachus_rugulosus	8	98	2	0	0	1128
Hoplobatrachus_rugulosus	12	98	2	79	0.140070921985816	1128
Hoplobatrachus_rugulosus	12	102	11	90	0.0555881571260332	7926
Hoplobatrachus_rugulosus	16	98	2	1	0.00177304964539007	1128
Hoplobatrachus_rugulosus	16	102	8	80	0.0790273556231003	5086
Hoplobatrachus_rugulosus	16	106	4	3	0.00325059101654846	2256
Hoplobatrachus_rugulosus	28	118	2	0	0	2276
Hoplobatrachus_tigerinus	24	90	85	111	0.00925392631441016	49189
Hyla_arborea	36	22	2	4	0.00465116279069767	1720
Hyla_arborea	36	26	6	4	0.00176195299412467	5450
Hyla_arborea	40	22	6	7	0.00301246947534094	5445
Hyla_arborea	40	26	4	8	0.00442437132287032	3623
Hyla_arborea	44	14	4	2	0.00116279069767442	3488
Hyla_arborea	44	18	3	3	0.00220751089152287	2721
Hyla_arborea	48	-2	2	0	0	1818
Hyla_arborea	48	2	2	3	0.00331491712707182	1810
Hyla_arborea	48	6	4	0	0	3538
Hyla_arborea	48	18	3	1	0.000736648250460405	2715
Hyla_arborea	48	22	13	8	0.00149975692604748	11789
Hyla_arborea	52	6	25	7	0.00197182665710480	22604
Hyla_arborea	52	18	37	3	0.000503363148482046	33560
Hyla_arborea	56	14	2	0	0	1810
Hyla_avivoca	36	-98	3	2	0.00221862295868692	1904
Hyla_chrysoscelis	28	-82	2	4	0.00787401574803150	1176
Hyla_chrysoscelis	32	-98	4	30	0.0227931665606949	2659
Hyla_chrysoscelis	32	-90	2	1	0.00165837479270315	1293
Hyla_chrysoscelis	32	-86	2	1	0.00158982511923688	1311
Hyla_chrysoscelis	32	-82	3	3	0.00258569652998781	1979
Hyla_chrysoscelis	36	-98	4	36	0.0239714162281336	2637
Hyla_chrysoscelis	36	-78	3	10	0.00947608952002107	1962
Hyla_chrysoscelis	40	-90	4	16	0.0116169978190826	2613
Hyla_chrysoscelis	40	-86	4	6	0.00382195245456014	2639
Hyla_chrysoscelis	40	-82	2	0	0	1176
Hyla_chrysoscelis	44	-94	2	3	0.00449775112443778	1338
Hyla_chrysoscelis	48	-94	2	7	0.0117056856187291	1268
Hyla_cinerea	32	-98	2	0	0	770
Hyla_intermedia	40	14	3	7	0.00532117065754466	2631
Hyla_intermedia	40	18	2	0	0	1774
Hyla_intermedia	48	10	4	6	0.00403817914831131	3632
Hyla_japonica	36	126	4	17	0.0119047619047619	3696
Hyla_japonica	36	134	3	0	0	2667
Hyla_japonica	40	130	5	21	0.0106060606060606	4620
Hyla_meridionalis	28	-18	3	0	0	2572
Hyla_meridionalis	36	-10	3	2	0.00146762106460279	2726
Hyla_meridionalis	36	-6	4	5	0.00275633958103638	3628
Hyla_meridionalis	44	6	3	0	0	2727
Hyla_molleri	40	-6	7	8	0.00367095656492438	6358
Hyla_molleri	40	-2	9	2	0.000489476260401371	8172
Hyla_molleri	44	-2	12	10	0.00199229867738155	10863
Hyla_molleri	44	2	6	3	0.00117813409782874	5093
Hyla_orientalis	36	30	15	19	0.00785367222259438	12849
Hyla_orientalis	36	34	7	32	0.0170792110446756	4520
Hyla_orientalis	40	26	10	27	0.00871188490890433	7243
Hyla_orientalis	40	30	10	22	0.0165231652316523	5783
Hyla_orientalis	40	34	2	7	0.0129151291512915	1084
Hyla_orientalis	40	38	4	14	0.0132226322263223	2168
Hyla_orientalis	40	42	16	12	0.00651906519065191	8672
Hyla_orientalis	40	46	11	8	0.00241407403550089	9947
Hyla_orientalis	40	50	4	3	0.00202578268876611	3620
Hyla_orientalis	44	30	2	2	0.00220994475138122	1814
Hyla_orientalis	44	34	3	2	0.00147329650092081	2715
Hyla_orientalis	44	38	10	18	0.00584407612031922	9050
Hyla_orientalis	44	42	2	6	0.00662983425414365	1810
Hyla_orientalis	44	46	2	4	0.00441988950276243	1810
Hyla_orientalis	48	22	6	6	0.00220994475138122	5430
Hyla_orientalis	48	30	10	16	0.00648250460405156	9050
Hyla_orientalis	48	38	6	3	0.00176698332816707	5438
Hyla_orientalis	52	18	15	5	0.00160164387884782	13567
Hyla_orientalis	52	22	46	8	0.00100034697200204	41630
Hyla_orientalis	52	26	2	0	0	1810
Hylarana_latouchii	24	118	6	6	0.00344827586206897	3828
Hylarana_latouchii	24	122	125	82	0.0430227525533407	79750
Hylarana_latouchii	32	122	2	2	0.00313479623824451	1276
Hylarana_latouchii	40	118	2	3	0.00470219435736677	1276
Hyla_sarda	40	10	6	6	0.00310239958126901	5159
Hyla_savignyi	36	34	38	20	0.00381561453519919	31501
Hyla_savignyi	36	38	18	51	0.0321973807973374	9756
Hyla_savignyi	36	42	5	45	0.0490029999309894	3444
Hyla_savignyi	40	38	2	0	0	1084
Hyla_savignyi	40	42	2	47	0.0867158671586716	1084
Hyla_savignyi	40	46	12	2	0.000519002176460740	10860
Hyla_versicolor	32	-98	2	12	0.0187793427230047	1320
Hyla_versicolor	36	-98	3	22	0.0232537088395844	1964
Hyla_versicolor	40	-90	8	31	0.0213935011841561	5108
Hyla_versicolor	40	-82	2	20	0.0340715502555366	1251
Hyla_versicolor	40	-78	4	6	0.00304518880890576	2662
Hyla_versicolor	40	-74	4	2	0.00155569765077405	2606
Hyla_versicolor	48	-94	3	2	0.00198708395429707	2021
Hyloscirtus_armatus	-16	-66	2	0	0	770
Hyloscirtus_tapichalaca	-4	-78	2	0	0	770
Hyloxalus_bocagei	0	-74	4	0	0	1540
Hyloxalus_chlorocraspedus	-8	-74	4	0	0	1540
Hyloxalus_elachyhistus	-8	-78	3	1	0.00173160173160173	1155
Hyloxalus_elachyhistus	-4	-82	4	1	0.00173160173160173	1540
Hyloxalus_idiomelus	-8	-78	3	0	0	1155
Hyloxalus_idiomelus	-4	-78	2	0	0	770
Hyloxalus_insulatus	-4	-78	2	0	0	770
Hyloxalus_maculosus	0	-78	2	69	0.145569620253165	1170
Hyloxalus_nexipus	-8	-78	4	2	0.00259740259740260	1540
Hyloxalus_pulcherrimus	-8	-78	2	1	0.00259740259740260	770
Hyloxalus_subpunctatus	4	-74	2	0	0	1170
Hyloxalus_sylvaticus	-4	-82	2	0	0	770
Hynobius_amjiensis	28	118	2	2	0.00265957446808511	1504
Hynobius_leechii	36	130	2	17	0.0227882037533512	1887
Hynobius_leechii	40	122	9	2	0.00103727821585502	7165
Hynobius_lichenatus	28	130	3	2	0.00116856558574350	3423
Hynobius_lichenatus	36	138	23	145	0.0212801335767460	26243
Hynobius_lichenatus	36	142	16	103	0.0387525562372188	18256
Hynobius_lichenatus	40	138	17	157	0.0511741506418518	19397
Hynobius_lichenatus	40	142	68	186	0.0385391955518590	77588
Hynobius_nebulosus	36	134	2	34	0.0297984224364592	2282
Hynobius_nebulosus	36	138	3	25	0.0146070698217938	3423
Hynobius_tokyoensis	36	138	16	34	0.0101373064563249	18256
Hynobius_tokyoensis	36	142	4	61	0.0356412503651767	4564
Hynobius_yiwuensis	28	118	4	33	0.0283687943262411	3008
Hypsiboas_albomarginatus	-8	-38	2	0	0	770
Hypsiboas_albomarginatus	-8	-34	20	11	0.00616615067079462	12240
Hypsiboas_andinus	-28	-66	3	2	0.00346320346320346	1155
Hypsiboas_balzani	0	-74	2	0	0	770
Hypsiboas_bischoffi	-28	-50	2	0	0	770
Hypsiboas_caingua	-28	-54	3	0	0	1155
Hypsiboas_cordobae	-32	-66	4	4	0.00692640692640693	1540
Hypsiboas_ericae	-16	-46	2	0	0	770
Hypsiboas_faber	-28	-54	2	1	0.00259740259740260	770
Hypsiboas_guentheri	-28	-50	2	0	0	770
Hypsiboas_joaquini	-28	-50	3	0	0	1155
Hypsiboas_leptolineatus	-28	-50	2	0	0	770
Hypsiboas_marginatus	-32	-54	2	0	0	770
Hypsiboas_prasinus	-28	-50	2	56	0.145454545454545	770
Hypsiboas_pulchellus	-36	-58	4	6	0.00909090909090909	1540
Hypsiboas_semiguttatus	-24	-50	3	4	0.00692640692640693	1155
Ichthyophis_glutinosus	8	82	11	17	0.00883969623987370	7586
Insuetophrynus_acarpicus	-40	-74	7	13	0.00948280519911153	5035
Leptodactylus_albilabris	20	-66	6	24	0.00963336705301364	5342
Leptopelis_kivuensis	-4	30	5	7	0.00647652766850249	3095
Lithobates_catesbeianus	28	118	2	0	0	2282
Lithobates_clamitans	44	-86	4	3	0.00601092896174863	1220
Lithobates_pipiens	44	-86	3	2	0.00437158469945355	915
Lithobates_sylvaticus	44	-86	7	4	0.00374707259953161	2135
Mannophryne_trinitatis	12	-62	27	19	0.00478308710506177	15422
Mannophryne_venezuelensis	12	-62	4	1	0.000865044884978440	2323
Mantella_baroni	-20	46	2	0	0	906
Mantella_baroni	16	-94	8	10	0.00630715862503942	3624
Mantella_betsileo	-20	42	13	11	0.00564439873328544	6166
Mantella_betsileo	-20	46	8	7	0.00610042995051513	4375
Mantella_ebenaui	-16	46	3	2	0.00288186075373075	1412
Mantella_ebenaui	-16	50	7	0	0	3360
Mantella_expectata	-20	46	148	17	0.00203163965823894	88752
Mantella_haraldmeieri	-24	46	6	3	0.00250346754185470	2717
Mantella_nigricans	-16	50	5	7	0.00618101545253863	2265
Mantella_viridis	-12	50	179	29	0.00701365298467408	85228
Mantidactylus_charlotteae	-16	50	2	75	0.155279503105590	1075
Mantidactylus_femoralis	-20	46	2	32	0.0655737704918033	982
Mantidactylus_femoralis	-16	50	2	28	0.0746666666666667	877
Meristogenys_jerboa	0	110	3	0	0	1888
Meristogenys_kinabaluensis	4	118	3	7	0.0129310344827586	1888
Meristogenys_orphnocnemis	4	118	3	0	0	1888
Meristogenys_whiteheadi	8	118	6	6	0.00596421471172962	3475
Mertensiella_caucasica	40	38	2	0	0	744
Mesotriton_alpestris	44	18	2	2	0.00647249190938511	618
Mesotriton_alpestris	44	22	9	49	0.0469255663430420	2781
Microhyla_fissipes	24	122	2	5	0.00794912559618442	1258
Microhyla_okinavensis	24	126	2	0	0	2282
Microhyla_okinavensis	28	126	16	131	0.0892586619725567	9994
Nototriton_abscondens	8	-86	2	0	0	770
Nototriton_abscondens	12	-86	3	0	0	1155
Nototriton_barbouri	16	-86	2	40	0.103896103896104	770
Nototriton_lignicola	16	-86	3	8	0.0138528138528139	1155
Nototriton_limnospectator	16	-86	2	7	0.0189701897018970	754
Nototriton_picadoi	8	-82	2	1	0.00259740259740260	770
Nototriton_richardi	8	-86	3	0	0	1155
Odorrana_ishikawae	32	130	4	0	0	4548
Oedipina_alleni	8	-82	2	2	0.00519480519480520	770
Oedipina_gephyra	16	-86	2	0	0	770
Oedipina_pacificensis	8	-82	2	2	0.00519480519480520	770
Oedipina_parvipes	8	-78	2	12	0.0311688311688312	770
Oedipina_poelzi	12	-86	3	18	0.0311688311688312	1155
Oedipina_uniformis	8	-86	3	10	0.0173160173160173	1155
Oedipina_uniformis	8	-82	3	5	0.00865800865800866	1155
Oedipina_uniformis	12	-82	2	0	0	770
Ommatotriton_ophryticus	40	30	2	1	0.00251256281407035	796
Ommatotriton_ophryticus	40	34	2	1	0.00251256281407035	796
Ommatotriton_ophryticus	40	38	6	12	0.0137353433835846	2388
Ommatotriton_ophryticus	40	42	4	13	0.0201005025125628	1592
Ommatotriton_vittatus	36	34	7	9	0.0105288346494377	2786
Ommatotriton_vittatus	36	38	3	2	0.00335008375209380	1194
Onychodactylus_fischeri	36	126	3	25	0.0146070698217938	3423
Onychodactylus_japonicus	28	126	5	11	0.00642018108778301	4040
Onychodactylus_japonicus	32	134	6	18	0.00601811276657903	6846
Onychodactylus_japonicus	36	134	50	168	0.0623066046718463	42736
Onychodactylus_japonicus	36	138	43	154	0.0478821895273708	38518
Onychodactylus_japonicus	36	142	12	116	0.0422808275569012	13692
Onychodactylus_japonicus	40	138	2	8	0.00701139351446100	2282
Onychodactylus_japonicus	40	142	19	121	0.0310028650358002	21679
Onychodactylus_japonicus	44	142	8	7	0.00463188688444661	4688
Oophaga_granulifera	-20	-54	12	33	0.0202272727272727	7200
Oophaga_pumilio	-20	-54	14	43	0.0235900057009180	7826
Oophaga_pumilio	8	-82	112	95	0.0310830267507783	60792
Oophaga_pumilio	8	-78	23	42	0.0141408978618281	12579
Oophaga_pumilio	8	-74	10	38	0.0191612005565494	5590
Oophaga_pumilio	12	-86	21	53	0.0316123391120685	10905
Oophaga_pumilio	12	-82	44	72	0.0379556093532799	23762
Osteocephalus_taurinus	-12	-58	3	4	0.00692640692640693	1155
Osteocephalus_taurinus	-12	-54	2	36	0.0935064935064935	770
Osteocephalus_taurinus	-12	-50	2	7	0.0181818181818182	770
Osteocephalus_taurinus	-8	-50	3	9	0.0155844155844156	1155
Osteocephalus_taurinus	-8	-46	3	2	0.00346320346320346	1155
Osteopilus_septentrionalis	20	-82	5	40	0.0215584576460117	4061
Osteopilus_septentrionalis	20	-78	5	15	0.0126737789319055	3449
Osteopilus_septentrionalis	20	-74	8	17	0.00764998046419764	4883
Osteopilus_septentrionalis	24	-86	2	9	0.0117035110533160	1539
Osteopilus_septentrionalis	24	-82	11	18	0.00863788018479748	7585
Osteopilus_septentrionalis	24	-74	3	4	0.00319749694749695	2577
Osteopilus_septentrionalis	28	-98	2	0	0	1436
Pachyhynobius_shangchengensis	32	114	2	1	0.000876424189307625	2282
Pachytriton_labiatus	28	110	2	0	0	614
Paramesotriton_caudopunctatus	24	110	8	0	0	2456
Paramesotriton_chinensis	24	110	8	0	0	2456
Paramesotriton_deloustali	24	102	2	0	0	614
Paramesotriton_fuzhongensis	24	110	8	0	0	2456
Paramesotriton_guanxiensis	24	110	8	0	0	2456
Paramesotriton_hongkongensis	24	114	2	0	0	614
Pelobates_cultripes	36	-10	2	4	0.0120845921450151	662
Pelobates_cultripes	36	-6	6	4	0.00285913547369073	3526
Pelobates_cultripes	36	-2	4	1	0.000725689404934688	2756
Pelobates_cultripes	40	-6	9	6	0.00206945712949143	5593
Pelobates_cultripes	40	-2	2	0	0	2282
Pelobates_cultripes	44	-10	6	0	0	4134
Pelobates_cultripes	44	-6	16	3	0.000544267053701016	11024
Pelobates_cultripes	44	-2	2	0	0	1378
Pelobates_fuscus	44	6	6	0	0	3426
Pelobates_fuscus	52	34	16	32	0.0254232340922359	9136
Pelobates_fuscus	52	38	6	1	0.000934033858727379	3426
Pelobates_fuscus	52	42	3	0	0	1713
Pelobates_fuscus	56	66	4	1	0.000875656742556918	2284
Pelodytes_ibericus	36	-6	4	0	0	1378
Pelophylax_bedriagae	36	30	3	4	0.00658436213991770	1215
Pelophylax_bedriagae	40	26	5	3	0.00296296296296296	2025
Pelophylax_bedriagae	40	30	2	3	0.00740740740740741	810
Pelophylax_bedriagae	40	42	4	7	0.00864197530864198	1620
Pelophylax_nigromaculatus	24	98	3	16	0.00934852468594800	3423
Pelophylax_nigromaculatus	24	106	2	4	0.00350569675723050	2282
Pelophylax_nigromaculatus	24	110	3	6	0.00350569675723050	3423
Pelophylax_nigromaculatus	24	118	10	18	0.00918560606060606	7040
Pelophylax_nigromaculatus	28	106	2	2	0.00175284837861525	2282
Pelophylax_nigromaculatus	28	110	4	20	0.0127376908443212	4140
Pelophylax_nigromaculatus	28	114	6	17	0.00595968448729185	6846
Pelophylax_nigromaculatus	28	118	21	34	0.00936691394349151	18280
Pelophylax_nigromaculatus	32	102	2	1	0.00142045454545455	1408
Pelophylax_nigromaculatus	32	110	2	14	0.0122699386503067	2282
Pelophylax_nigromaculatus	32	114	8	21	0.00538374859146112	9128
Pelophylax_nigromaculatus	32	118	62	71	0.0106391728200555	47144
Pelophylax_nigromaculatus	32	122	17	37	0.0130023960608571	12005
Pelophylax_nigromaculatus	36	118	12	36	0.00925557060526386	13692
Pelophylax_nigromaculatus	36	122	5	22	0.00958945263110584	5305
Pelophylax_nigromaculatus	36	126	3	5	0.00471475719000471	2121
Pelophylax_nigromaculatus	36	138	15	16	0.00776012290094984	7334
Pelophylax_nigromaculatus	40	114	5	22	0.00929009640666082	5705
Pelophylax_nigromaculatus	40	118	6	16	0.0106060606060606	4224
Pelophylax_nigromaculatus	40	122	7	60	0.0374786940710473	5802
Pelophylax_nigromaculatus	40	126	3	6	0.00350569675723050	3423
Pelophylax_nigromaculatus	44	126	17	97	0.0309031980402312	14590
Pelophylax_nigromaculatus	48	126	17	23	0.00507603609625668	11968
Pelophylax_plancyi	28	110	15	38	0.0167098359566979	10755
Pelophylax_plancyi	32	118	34	41	0.0188794168612037	24378
Pelophylax_plancyi	32	122	15	17	0.00363950322109318	10755
Pelophylax_plancyi	36	126	2	0	0	1424
Pelophylax_porosus	36	138	3	23	0.0311713349307334	1478
Pelophylax_ridibundus	40	26	2	1	0.00246913580246914	810
Pelophylax_saharicus	32	10	2	4	0.00779727095516569	1026
Pelophylax_saharicus	36	6	2	2	0.00389863547758285	1026
Pelophylax_saharicus	36	10	4	4	0.00487329434697856	2052
Phrynobatrachus_dispar	0	6	8	25	0.00966494845360824	6208
Phrynobatrachus_leveleve	0	6	9	14	0.00422394043528064	6984
Phyllomedusa_ayeaye	-20	-46	4	3	0.00315543831168831	2562
Phyllomedusa_azurea	-28	-62	2	6	0.0155844155844156	770
Phyllomedusa_burmeisteri	-20	-46	2	0	0	770
Phyllomedusa_itacolomi	-20	-42	2	0	0	770
Phyllomedusa_oreades	-16	-50	4	9	0.00502710162277201	3583
Phyllomedusa_rohdei	-24	-46	3	31	0.0536796536796537	1155
Phyllomedusa_sauvagii	-20	-58	2	4	0.0103896103896104	770
Phyllomedusa_tetraploidea	-24	-46	2	0	0	770
Phytotriades_auratus	12	-62	8	1	0.000641025641025641	3120
Plethodon_albagula	32	-98	2	8	0.0125195618153365	1278
Plethodon_albagula	36	-94	3	52	0.0534155110426297	1947
Plethodon_amplus	36	-82	2	5	0.00796178343949045	1277
Plethodon_caddoensis	36	-94	2	58	0.0910518053375196	1286
Plethodon_cinereus	40	-78	18	56	0.0169182388871420	7499
Plethodon_cinereus	48	-110	9	0	0	3627
Plethodon_glutinosus	32	-86	4	0	0	1752
Plethodon_grobmani	32	-86	6	43	0.0438245322814949	3047
Plethodon_metcalfi	36	-82	2	71	0.112341772151899	1281
Plethodon_mississippi	32	-90	5	27	0.0246575342465753	2191
Plethodon_mississippi	32	-86	4	12	0.0142331374726210	1741
Plethodon_mississippi	36	-90	2	24	0.0547945205479452	876
Plethodon_nettingi	40	-82	2	0	0	1280
Plethodon_ocmulgee	32	-82	2	9	0.0138674884437596	1298
Plethodon_ouachitae	36	-94	4	22	0.0207152614142556	2467
Plethodon_richmondi	36	-82	2	13	0.0206022187004754	1280
Plethodon_serratus	32	-90	3	0	0	2094
Plethodon_serratus	36	-94	15	67	0.0403056351480421	10470
Plethodon_serratus	36	-90	3	1	0	2045
Plethodon_serratus	36	-86	2	0	0	1396
Plethodon_serratus	36	-82	3	2	0	2045
Plethodon_shenandoah	40	-78	19	2	0.000755878978707957	7645
Plethodon_shenandoah	48	-110	9	0	0	3627
Plethodon_shermani	36	-82	5	84	0.0604006163328197	3245
Plethodon_websteri	32	-82	3	2	0.00267482259514132	1648
Pleurodema_bibroni	-36	-54	2	0	0	770
Polypedates_leucomystax	20	106	2	0	0	2054
Polypedates_leucomystax	24	126	5	0	0	5135
Polypedates_leucomystax	28	126	9	0	0	9243
Probreviceps_macrodactylus	-4	38	3	0	0	1122
Proceratophrys_boiei	-28	-54	3	0	0	1781
Proceratophrys_boiei	-24	-50	9	27	0.0127530923891936	5400
Proceratophrys_boiei	-24	-46	42	85	0.0411816380711654	25111
Proceratophrys_boiei	-20	-42	4	65	0.0591791011715604	2290
Proceratophrys_boiei	-8	-38	10	3	0.00141612200435730	6120
Proceratophrys_boiei	-8	-34	92	56	0.0156973075771028	59868
Proceratophrys_boiei	-4	-38	16	1	0.000750750750750749	10656
Proceratophrys_melanopogon	-24	-46	7	122	0.0948594772254083	4133
Pseudoeurycea_juarezi	16	-94	2	0	0	1138
Pseudoeurycea_leprosa	16	-98	7	9	0.00453302568590789	4715
Pseudoeurycea_leprosa	20	-98	42	118	0.0210743340433478	27547
Pseudoeurycea_leprosa	20	-90	4	5	0.00371140884199138	2697
Pseudoeurycea_leprosa	24	-102	2	2	0.00296296296296296	1350
Pseudoeurycea_leprosa	32	-110	13	38	0.0221836488141800	8630
Pseudoeurycea_lineola	20	-94	4	6	0.00702987697715290	2276
Pseudoeurycea_mystax	16	-98	2	2	0.00351493848857645	1138
Pseudoeurycea_saltator	16	-94	2	0	0	1138
Pseudoeurycea_unguidentis	16	-94	2	3	0.00527240773286468	1138
Pyxicephalus_adspersus	-28	22	129	18	0.00277935170586399	91332
Quasipaa_boulengeri	32	110	2	0	0	2276
Rana_arvalis	48	14	3	29	0.0283479960899316	2046
Rana_arvalis	48	18	8	36	0.0191663175534143	5456
Rana_arvalis	48	22	5	5	0.00293255131964809	3410
Rana_arvalis	52	10	18	5	0.00124124823025154	12132
Rana_arvalis	52	22	4	7	0.00513196480938417	2728
Rana_arvalis	56	14	2	3	0.00439882697947214	1364
Rana_arvalis	56	54	3	5	0.00488758553274682	2046
Rana_dalmatina	36	22	2	0	0	792
Rana_dalmatina	40	14	24	8	0.00570011711316058	9504
Rana_dalmatina	40	18	9	5	0.00701459034792369	3564
Rana_dalmatina	40	22	2	2	0.00505050505050505	792
Rana_dalmatina	40	26	3	0	0	1188
Rana_dalmatina	40	42	2	1	0.00252525252525253	792
Rana_dalmatina	44	-10	5	0	0	1980
Rana_dalmatina	44	2	2	0	0	792
Rana_dalmatina	44	6	17	3	0.00115121806298277	6732
Rana_dalmatina	44	10	14	1	0.000360750360750361	5544
Rana_dalmatina	44	14	13	5	0.00194250194250194	5148
Rana_dalmatina	44	18	11	1	0.000459136822773187	4356
Rana_dalmatina	48	-2	22	0	0	8712
Rana_dalmatina	48	14	18	3	0.00155146233577606	7128
Rana_dalmatina	48	18	14	4	0.00144300144300144	5544
Rana_dalmatina	48	26	8	0	0	3168
Rana_dalmatina	52	6	13	0	0	5148
Rana_dalmatina	52	10	50	0	0	19800
Rana_dalmatina	56	10	18	0	0	7128
Rana_dalmatina	56	14	8	0	0	3168
Rana_dybowskii	48	130	2	0	0	2282
Rana_iberica	44	-6	15	8	0.00494426603429232	6773
Rana_italica	44	14	5	0	0	2278
Rana_japonica	36	142	2	1	0.00219298245614035	912
Rana_latastei	44	6	4	0	0	1912
Rana_macrocnemis	40	38	3	3	0.00396825396825397	1512
Rana_macrocnemis	40	42	17	6	0.00385154061624649	8568
Rana_macrocnemis	40	46	9	7	0.00473985890652557	4536
Rana_macrocnemis	44	42	2	3	0.00595238095238095	1008
Rana_macrocnemis	44	46	3	4	0.00529100529100529	1512
Rana_pyrenaica	44	-2	3	0	0	1180
Rana_sauteri	24	122	415	88	0.0141970632507302	245864
Rana_temporaria	40	-2	3	0	0	1091
Rana_temporaria	40	10	10	0	0	3310
Rana_temporaria	40	26	2	1	0.00302114803625378	662
Rana_temporaria	44	-10	25	9	0.00382417582417581	11375
Rana_temporaria	44	-6	43	26	0.0250636957698054	16259
Rana_temporaria	44	-2	73	3	0.00212905866177402	24163
Rana_temporaria	44	2	11	1	0.000988739357319418	3641
Rana_temporaria	44	6	23	24	0.00560270705650279	8193
Rana_temporaria	44	14	10	1	0.000604229607250755	3310
Rana_temporaria	48	-2	8	4	0.00264716623344667	3083
Rana_temporaria	48	6	11	6	0.00295253236429707	4946
Rana_temporaria	48	10	42	8	0.0123793382948937	14047
Rana_temporaria	48	26	9	1	0.000671366230278617	2979
Rana_temporaria	52	-10	19	7	0.00270563581600513	7449
Rana_temporaria	52	-6	5	1	0.000840336134453782	2380
Rana_temporaria	52	-2	5	0	0	2380
Rana_temporaria	52	2	2	0	0	952
Rana_temporaria	52	10	55	10	0.0116935933020991	18640
Rana_temporaria	52	14	4	12	0.0168539325842697	1700
Rana_temporaria	52	18	17	2	0.00186600319886263	5627
Rana_temporaria	52	38	2	0	0	662
Rana_temporaria	56	-6	35	4	0.000849241422019788	16412
Rana_temporaria	56	-2	12	5	0.00224761999171414	5847
Rana_temporaria	56	6	5	1	0.00181268882175227	1655
Rana_temporaria	56	10	17	2	0.000710858361471477	5627
Rana_temporaria	56	34	3	0	0	993
Rana_temporaria	56	62	2	0	0	662
Rana_temporaria	64	26	2	0	0	662
Rana_temporaria	68	22	2	0	0	952
Ranitomeya_amazonica	-4	-74	11	6	0.00889911775987724	2607
Ranitomeya_amazonica	-4	-70	3	20	0.0562587904360056	711
Ranitomeya_flavovittata	-4	-74	4	19	0.0489451476793249	930
Ranitomeya_vanzolinii	-8	-74	3	1	0.00173160173160173	1155
Ranitomeya_variabilis	-8	-78	5	21	0.0514767932489452	1185
Ranitomeya_variabilis	-8	-74	3	24	0.0675105485232068	711
Ranitomeya_variabilis	-4	-78	6	29	0.0590186556272059	1398
Ranitomeya_variabilis	0	-70	5	33	0.0656716417910448	1123
Ranitomeya_ventrimaculata	-8	-74	4	39	0.0811199589063127	1253
Ranitomeya_ventrimaculata	-4	-70	4	38	0.0801687763713080	1096
Ranitomeya_ventrimaculata	0	-78	3	36	0.101265822784810	859
Ranitomeya_ventrimaculata	4	-54	2	15	0.0632911392405063	488
Ranitomeya_ventrimaculata	4	-50	3	0	0	804
Ranodon_sibiricus	28	122	2	0	0	2282
Rhacophorus_schlegelii	36	134	2	0	0	2282
Salamandra_atra	44	14	2	4	0.00387596899224806	2065
Salamandra_atra	48	6	2	0	0	2066
Salamandra_atra	48	10	5	27	0.0107454017424976	5165
Salamandra_atra	48	14	3	31	0.0227087624465538	2954
Salamandra_corsica	44	10	3	1	0	2174
Salamandra_salamandra	32	34	3	1	0.00222965440356745	897
Salamandra_salamandra	36	-6	2	0	0	1427
Salamandra_salamandra	40	-10	2	0	0	744
Salamandra_salamandra	40	-6	69	12	0.00797142964020405	24691
Salamandra_salamandra	40	-2	13	0	0	4644
Salamandra_salamandra	44	-6	25	25	0.0186099044173275	9288
Salamandra_salamandra	44	-2	4	1	0.00179211469534050	2010
Salamandra_salamandra	44	2	6	3	0.00268817204301075	2232
Salamandrella_keyserlingii	44	134	28	38	0.0101084975289578	23098
Salamandrella_keyserlingii	48	126	2	9	0.00788781770376862	2282
Salamandrella_keyserlingii	48	134	33	66	0.0127075748078228	23873
Salamandrella_keyserlingii	48	142	13	35	0.00528101755095619	14833
Salamandrella_keyserlingii	52	142	28	49	0.00717683139000754	24650
Salamandrella_keyserlingii	56	62	9	1	0.000269401131051617	7740
Salamandrella_keyserlingii	56	102	5	6	0.00392798690671031	3055
Salamandrella_keyserlingii	60	150	40	3	0.000725819215016338	33612
Salamandrella_keyserlingii	64	130	3	1	0.000584282792871750	3423
Salamandrella_keyserlingii	68	170	4	0	0	3616
Salamandrina_perspicillata	40	14	167	104	0.0184094878363624	113340
Salamandrina_perspicillata	44	10	91	5	0.000557587473136600	61785
Salamandrina_perspicillata	44	14	105	6	0.000350345526780480	71056
Salamandrina_terdigitata	40	14	38	3	0.000373925970650229	25663
Salamandrina_terdigitata	40	18	22	4	0	14727
Salamandrina_terdigitata	44	10	43	42	0.00540786457118481	29073
Scaphiophryne_gottlebei	-20	46	102	11	0.00125675894364503	62729
Scinax_nebulosus	-8	-34	14	7	0.00474035768153414	8568
Silverstoneia_flotator	8	-82	3	10	0	1460
Silverstoneia_nubicola	8	-82	2	0	0	770
Silverstoneia_nubicola	8	-78	2	0	0	770
Smilisca_baudinii	28	-110	2	0	0	770
Smilisca_fodiens	28	-110	2	0	0	770
Spea_hammondii	36	-118	3	37	0.0652443342776204	1122
Speleomantes_flavus	44	10	3	0	0	2258
Speleomantes_flavus	44	14	3	1	0.000884173297966401	2262
Speleomantes_imperialis	40	10	5	30	0.0200593400263168	2704
Speleomantes_imperialis	44	10	6	24	0.0151193633952255	4524
Speleomantes_italicus	44	10	5	33	0.0266809130572337	3661
Speleomantes_supramontis	44	10	6	4	0.00168499525115677	4519
Staurois_parvus	4	118	3	7	0.00800457404230989	1749
Staurois_tuberilinguis	4	114	2	2	0.00343053173241853	1166
Staurois_tuberilinguis	4	118	2	1	0.00171526586620926	1166
Telmatobius_bolivianus	-16	-66	4	11	0.00835202611695032	2879
Telmatobius_espadai	-16	-66	2	0	0	1442
Telmatobius_marmoratus	-20	-70	3	3	0.00296820167793813	2074
Telmatobius_marmoratus	-16	-70	8	18	0.00886359603453366	5330
Telmatobius_sanborni	-16	-70	2	2	0.00278164116828929	1442
Thoropa_miliaris	-24	-46	2	6	0.0156657963446475	1095
Trachycephalus_venulosus	4	-58	2	0	0	770
Triturus_carnifex	56	-2	9	10	0.00508905852417302	4716
Triturus_cristatus	48	14	30	9	0.00512540563491340	11370
Triturus_cristatus	56	-2	73	5	0.000309234976703348	39137
Triturus_dobrogicus	48	14	6	2	0.00246634371524433	2273
Xenopus_gilli	-36	18	2	0	0	580
Xenopus_muelleri	-24	26	2	0	0	580
Xenopus_muelleri	-24	30	2	1	0.00344827586206897	580
Zakerana_kirtisinghei	8	82	2	1	0.00154320987654321	1299
Zakerana_rufescens	12	74	2	2	0.00366300366300366	1137
