Species	Grid_ID	Num_Seq	Num_Muts	GD_Pi	BP
Adenomera_andreae	933	2	41	0.0635658914728682	1312
Adenomera_andreae	1380	2	60	0.0988467874794069	1274
Adenomera_andreae	1381	2	36	0.0593080724876442	1214
Adenomera_andreae	1467	2	51	0.0840197693574959	1274
Adenomera_andreae	1468	2	70	0.104947526236882	1334
Adenomera_andreae	1471	2	49	0.0807248764415156	1274
Adenomera_andreae	1559	9	142	0.0753293040464940	5763
Adenomera_andreae	1560	4	94	0.0802597054026529	2608
Adenomera_andreae	1562	3	67	0.0735859417902252	1881
Adenomera_andreae	1651	2	15	0.0247116968698517	1274
Adenomera_andreae	1738	3	62	0.0624687656171914	2001
Adenomera_andreae	1742	3	31	0.0340472267984624	1821
Adenomera_andreae	1832	220	106	0.0207306756718895	133540
Adenomera_heyeri	1832	2	40	0.0658978583196046	1274
Adenomera_hylaedactyla	1203	2	0	0	1274
Adenomera_hylaedactyla	1287	3	4	0.00439319055464031	1881
Adenomera_hylaedactyla	1291	7	98	0.0590990689639882	4549
Adenomera_hylaedactyla	1381	5	55	0.0417848736257901	3215
Adenomera_hylaedactyla	1473	4	52	0.0429785107446277	2668
Adenomera_hylaedactyla	1559	4	17	0.0127436281859070	2668
Adenomera_hylaedactyla	1560	2	44	0.0659670164917541	1334
Adenomera_hylaedactyla	1562	4	54	0.0404130718825102	2608
Adenomera_hylaedactyla	1742	3	31	0.0308684208143045	1941
Adenomera_hylaedactyla	1743	2	32	0.0479760119940030	1334
Adenomera_hylaedactyla	1830	3	2	0.00219659527732015	1881
Agalychnis_granulosa	1387	2	5	0.0129870129870130	770
Allobates_brunneus	1652	11	6	0.00642266824085006	4235
Allobates_caeruleodactylus	1470	4	2	0.00259740259740260	1540
Allobates_conspicuus	1467	2	0	0	770
Allobates_femoralis	1378	4	19	0	1956
Allobates_femoralis	1379	24	42	0.0207709669755287	14640
Allobates_femoralis	1467	3	0	0	1155
Allobates_femoralis	1469	20	47	0.0252804141501294	12200
Allobates_femoralis	1470	10	17	0.00859744990892532	6100
Allobates_femoralis	1557	2	127	0.159147869674185	1600
Allobates_femoralis	1560	21	95	0.0563934426229509	12810
Allobates_femoralis	1561	12	53	0.0434426229508196	7320
Allobates_femoralis	1562	3	1	0.00173160173160173	1155
Allobates_femoralis	1736	3	3	0.00519480519480520	1155
Allobates_nidicola	1470	3	0	0	1155
Allobates_trilineatus	1378	2	1	0.00259740259740260	770
Allobates_zaparo	1736	2	1	0.00259740259740260	770
Alsodes_gargola	568	7	3	0.000848095000152484	4609
Alytes_maurus	2654	2	1	0.00286532951289398	698
Alytes_obstetricans	2834	2	2	0.00519480519480520	770
Alytes_obstetricans	2835	8	21	0.0194274922784951	4520
Alytes_obstetricans	2836	5	7	0.00802292263610315	1889
Alytes_obstetricans	2923	2	0	0	770
Ambystoma_barbouri	2724	4	0	0	4558
Ambystoma_texanum	2815	4	0	0	4558
Ameerega_altamazonica	1467	2	3	0.0109090909090909	553
Ameerega_bassleri	1466	23	72	0.0282483387058206	16767
Ameerega_bilinguis	1647	2	1	0.00259740259740260	770
Ameerega_hahneli	1288	2	90	0.116129032258065	1575
Ameerega_hahneli	1378	4	1	0.00173160173160173	1907
Ameerega_hahneli	1466	6	108	0.0637806814257089	4995
Ameerega_hahneli	1467	4	8	0.0116883116883117	1540
Ameerega_hahneli	1470	4	0	0	1540
Ameerega_hahneli	1557	2	20	0.0250312891113892	1601
Ameerega_petersi	1467	3	15	0.0484401737527972	641
Ameerega_pongoensis	1466	4	6	0.00462326879203453	3276
Ameerega_smaragdina	1377	2	4	0.00883002207505519	1202
Ameerega_trivittata	1288	2	0	0	770
Ameerega_trivittata	1377	3	18	0.0150407950361666	2400
Ameerega_trivittata	1466	6	31	0.0188280414207592	4761
Ameerega_trivittata	1467	4	15	0.0194805194805195	1540
Ameerega_trivittata	1470	2	0	0	770
Ameerega_trivittata	1557	5	49	0.0261218837121118	3912
Amphiuma_pholeter	2544	7	18	0.0136054421768707	4557
Amphiuma_pholeter	2545	4	25	0.0192012288786482	2604
Amphiuma_tridactylum	2543	4	80	0.0624679979518689	2604
Amphiuma_tridactylum	2633	2	0	0	1302
Anaxyrus_punctatus	2360	7	12	0.00629200629200629	4662
Anaxyrus_punctatus	2450	4	15	0.0112612612612613	2664
Anaxyrus_punctatus	2539	4	8	0.00600600600600601	2664
Anaxyrus_punctatus	2627	3	9	0.00900900900900901	1998
Andinobates_claudiae	2005	6	2	0.00419723540123893	2297
Andinobates_virolinensis	1917	5	6	0.00430434782608696	3490
Andrias_davidianus	2414	2	1	0.00327868852459016	611
Andrias_davidianus	2591	2	0	0	612
Andrias_davidianus	2593	3	10	0.0217864923747277	918
Andrias_davidianus	2595	4	6	0.00980392156862745	1224
Andrias_davidianus	2682	2	4	0.0130718954248366	612
Andrias_davidianus	2683	4	0	0	1250
Anomaloglossus_praderioi	1831	2	0	0	770
Anomaloglossus_roraima	1831	3	2	0.00346320346320346	1155
Aromobates_nocturnus	2008	2	0	0	770
Atylodes_genei	2927	2	0	0	450
Atylodes_genei	2928	3	39	0.0337986665432424	2254
Babina_holsti	2507	4	34	0.0207373271889401	4452
Babina_holsti	2508	24	35	0.00421425232084420	26096
Batrachoseps_attenuatus	2715	330	152	0.0360609502694414	223410
Batrachoseps_attenuatus	2716	6	3	0.00147710487444609	4062
Batrachuperus_karlschmidti	2590	3	0	0	2259
Batrachuperus_karlschmidti	2591	13	81	0.0312517118220036	9788
Batrachuperus_londongensis	2591	13	26	0.0157899593158290	9790
Batrachuperus_pinchonii	2591	28	66	0.0277636538932893	21075
Batrachuperus_tibetanus	2591	2	6	0.00795755968169761	1508
Batrachuperus_tibetanus	2681	15	50	0.0219895247282077	11298
Batrachuperus_tibetanus	2682	22	78	0.0349097994330494	16553
Batrachuperus_tibetanus	2771	2	1	0.00132625994694960	1508
Batrachuperus_yenyuanensis	2501	2	0	0	1508
Batrachuperus_yenyuanensis	2591	10	24	0.0143825523135868	7540
Bokermannohyla_astartea	1024	2	0	0	770
Bokermannohyla_circumdata	933	2	0	0	770
Bokermannohyla_hylax	1024	2	0	0	770
Bolitoglossa_carri	2094	2	0	0	1191
Bolitoglossa_celaque	2093	2	1	0.00166666666666667	1200
Bolitoglossa_gracilis	2005	2	3	0.00463678516228748	1294
Bolitoglossa_macrinii	2181	2	20	0.0309119010819165	1294
Bolitoglossa_mombachoensis	2004	2	0	0	1294
Bolitoglossa_morio	2093	2	35	0.0646950092421442	1139
Bolitoglossa_palmata	1645	2	0	0	1294
Bolitoglossa_paraensis	1559	2	53	0.0850722311396469	1270
Bolitoglossa_pesrubra	2005	8	34	0.0174058517617278	5112
Bolitoglossa_platydactyla	2271	2	20	0.0344827586206897	1227
Bolitoglossa_rostrata	2183	2	3	0.0142180094786730	562
Bolitoglossa_subpalmata	2004	4	24	0.0195914662475120	2522
Bolitoglossa_zapoteca	2181	2	0	0	1294
Bombina_bombina	2843	2	5	0.00456204379562044	2237
Bombina_bombina	2929	3	0	0	3288
Bombina_bombina	2931	3	0	0	3288
Bombina_bombina	2932	8	9	0.00221584984358707	8768
Bombina_bombina	2933	4	1	0.000456204379562044	4384
Bombina_bombina	3019	9	8	0.00187550689375507	9864
Bombina_bombina	3020	24	17	0.00375768435712160	26394
Bombina_bombina	3021	34	17	0.00285920605800383	37264
Bombina_bombina	3023	4	9	0.00410583941605839	4384
Bombina_bombina	3108	4	0	0	4384
Bombina_bombina	3109	2	0	0	2192
Bombina_bombina	3110	3	5	0.00304136253041363	3288
Bombina_bombina	3111	2	2	0.00182481751824818	2192
Bombina_bombina	3112	3	0	0	3288
Bombina_lichuanensis	2593	2	0	0	2282
Bombina_microdeladigitora	2232	2	0	0	2282
Bombina_variegata	2839	3	0	0	3288
Bombina_variegata	2841	24	15	0.00162646778800382	26349
Bombina_variegata	2842	9	30	0.0133313057583130	9864
Bombina_variegata	2927	4	1	0.000456204379562044	4384
Bombina_variegata	2928	11	124	0.0507631055076311	12056
Bombina_variegata	2930	4	11	0.00501824817518248	4384
Bombina_variegata	2931	22	106	0.0377563434132776	24112
Bombina_variegata	2932	22	22	0.00522956362372421	24157
Bombina_variegata	2933	3	2	0.00121654501216545	3288
Bombina_variegata	3017	4	0	0	4384
Bombina_variegata	3019	5	87	0.0470802919708029	5480
Bombina_variegata	3020	38	88	0.0152825984576276	41783
Bombina_variegata	3021	59	15	0.00174589496047469	64664
Boophis_idae	1138	2	0	0	1075
Boophis_luteus	1138	2	0	0	1045
Boophis_rappiodes	1138	2	0	0	1044
Boulengerula_taitana	1585	3	17	0.0137485666002776	2348
Boulengerula_uluguruensis	1495	5	14	0.00786174750535601	3944
Buergeria_buergeri	2688	5	7	0.00766423357664234	2740
Buergeria_buergeri	2689	10	77	0.0711049584696703	6666
Buergeria_buergeri	2780	7	3	0.00191171359054571	3836
Buergeria_buergeri	2781	2	4	0.00729927007299270	1096
Buergeria_buergeri	2871	2	0	0	1096
Buergeria_japonica	2507	3	1	0.00121654501216545	1644
Buergeria_robusta	2416	3	2	0.00243309002433090	1644
Bufo_japonicus	2689	8	18	0.00721251543959751	7336
Bufo_japonicus	2690	4	14	0.00855257212088113	3390
Bufo_japonicus	2780	27	122	0.0442079660853261	22060
Bufo_japonicus	2781	4	46	0.0285147546076993	3392
Bufo_japonicus	2871	2	5	0.00578034682080925	1730
Calotriton_asper	2835	2	0	0	757
Chioglossa_lusitanica	2924	3	0	0	1110
Colostethus_fraterdanieli	1736	3	0	0	1155
Craugastor_crassidigitus	1915	27	123	0.0359258849042219	20613
Craugastor_crassidigitus	1916	3	56	0.0507421844239704	2092
Craugastor_crassidigitus	2005	11	109	0.0431755860425471	7739
Craugastor_crassidigitus	2006	2	19	0.0307443365695793	1335
Craugastor_fitzingeri	1915	13	27	0.0117997824898213	9996
Craugastor_fitzingeri	1916	6	42	0.0214109834997173	4121
Craugastor_fitzingeri	2004	2	35	0.0566343042071197	1277
Craugastor_fitzingeri	2005	4	45	0.0437093171674444	2625
Craugastor_fitzingeri	2006	4	9	0.00712972689075630	2782
Craugastor_fitzingeri	2094	2	0	0	1251
Craugastor_raniformis	1916	4	22	0.0172158130341123	2663
Craugastor_tabasarae	1915	3	164	0.153127917833800	2142
Craugastor_talamancae	2006	3	2	0.00186741363211951	2142
Cryptotriton_veraepacis	2093	6	2	0.00277056277056277	2310
Cynops_cyanurus	2501	2	0	0	614
Cynops_ensicauda	2507	21	57	0.00782938942448144	23961
Cynops_ensicauda	2508	19	131	0.0284914740839829	21679
Cynops_pyrrhogaster	2598	3	25	0.0146070698217938	3423
Cynops_pyrrhogaster	2688	24	111	0.0271818516683814	27384
Cynops_pyrrhogaster	2689	28	152	0.0463762873929397	31948
Cynops_pyrrhogaster	2690	12	160	0.0301835179135793	13692
Cynops_pyrrhogaster	2691	2	5	0.00438212094653812	2282
Cynops_pyrrhogaster	2779	6	96	0.0439380660239556	6846
Cynops_pyrrhogaster	2780	27	170	0.0504131178977805	30807
Cynops_pyrrhogaster	2781	8	30	0.0102040816326531	9128
Cynops_pyrrhogaster	2871	5	14	0.00701139351446100	5705
Cynops_pyrrhogaster	2962	2	100	0.0876424189307625	2282
Dendrobates_auratus	2005	3	0	0	1155
Dendrobates_tinctorius	1831	6	26	0.0119630609381435	4162
Dendrobates_tinctorius	1832	8	10	0.00486519170121161	6303
Dendropsophus_branneri	1476	2	4	0.00653594771241830	1224
Dendropsophus_branneri	1477	14	14	0.00606909430438841	8568
Dendropsophus_nanus	751	2	0	0	770
Discoglossus_galganoi	2744	7	2	0.00160589002177861	2578
Discoglossus_galganoi	2745	2	0	0	712
Discoglossus_galganoi	2834	16	4	0.00354176844162189	7266
Discoglossus_galganoi	2835	3	1	0.00187265917602996	1068
Discoglossus_galganoi	2924	3	0	0	1068
Discoglossus_jeanneae	2744	11	0	0	3973
Discoglossus_jeanneae	2745	4	0	0	1482
Discoglossus_jeanneae	2835	27	3	0.000623014106160175	9699
Discoglossus_montalentii	2838	19	32	0.00889943190875760	16112
Discoglossus_pictus	2655	2	6	0.0156250000000000	768
Discoglossus_pictus	2748	2	19	0.0494791666666667	768
Discoglossus_pictus	2749	3	19	0.0329861111111111	1152
Discoglossus_pictus	2836	2	3	0.00781250000000000	769
Discoglossus_sardus	2838	5	12	0.0170411563400576	1809
Duttaphrynus_melanostictus	2142	2	0	0	982
Echinotriton_andersoni	2507	3	10	0.00585823081429408	3417
Echinotriton_andersoni	2508	2	0	0	2282
Eleutherodactylus_atkinsi	2277	6	12	0.0117877430549983	3404
Eleutherodactylus_casparii	2365	3	1	0.000927913337930928	2206
Eleutherodactylus_cooki	2451	2	0	0	1154
Eleutherodactylus_coqui	2189	41	70	0.0315276535051772	26476
Eleutherodactylus_coqui	2257	11	0	0	7106
Eleutherodactylus_coqui	2279	10	15	0.00554694229112834	6450
Eleutherodactylus_cubanus	2276	11	3	0.00161354809286899	6248
Eleutherodactylus_etheridgei	2277	7	1	0.00128199475485104	3485
Eleutherodactylus_guanahacabibes	2364	5	28	0.0213113674080660	3727
Eleutherodactylus_guanahacabibes	2365	2	1	0.00131926121372032	1527
Eleutherodactylus_iberia	2277	95	54	0.0224380255323718	46183
Eleutherodactylus_jaumei	2276	17	17	0.0119969641102075	9032
Eleutherodactylus_orientalis	2277	26	78	0.0717125823903355	13210
Eleutherodactylus_planirostris	2275	3	9	0.00802719886965736	2274
Eleutherodactylus_planirostris	2276	11	6	0.00206648365342929	8081
Eleutherodactylus_planirostris	2365	23	70	0.0368830494677430	17505
Eleutherodactylus_planirostris	2456	7	5	0.00271434300876219	5265
Eleutherodactylus_planirostris	3105	3	0	0	2227
Eleutherodactylus_rogersi	2367	4	1	0.000653037852241203	3067
Eleutherodactylus_rogersi	2456	2	2	0.00260416666666667	1537
Eleutherodactylus_tonyi	2276	6	21	0.00931797979035492	4320
Eleutherodactylus_tonyi	2277	4	3	0.00195058517555267	3076
Eleutherodactylus_varleyi	2365	3	3	0.00224215246636771	2676
Ensatina_eschscholtzii	2715	267	320	0.0821393675536067	180169
Ensatina_eschscholtzii	2716	32	138	0.0549842306060265	21108
Ensatina_eschscholtzii	2804	7	74	0.0317096129508290	4410
Ensatina_eschscholtzii	2805	35	207	0.0703240003294843	19266
Ensatina_eschscholtzii	2895	4	20	0.0191262722097637	2372
Epipedobates_machalilla	1646	2	1	0.00259740259740260	770
Euphlyctis_cyanophlyctis	1956	2	3	0.00531914893617021	1128
Euphlyctis_cyanophlyctis	2408	6	5	0.00295508274231679	3384
Euproctus_montanus	2838	193	87	0.0236825370604634	124099
Eupsophus_calcaratus	567	3	19	0.0329004329004329	1155
Eupsophus_insularis	657	2	0	0	770
Eupsophus_migueli	567	2	0	0	770
Eupsophus_roseus	298	2	2	0.00519480519480520	770
Eupsophus_vertebralis	567	2	1	0.00259740259740260	770
Eurycea_longicauda	2544	2	1	0.00151745068285281	1351
Eurycea_longicauda	2632	8	20	0.0126402012908982	5338
Eurycea_longicauda	2633	13	113	0.0585931464397260	8633
Eurycea_longicauda	2634	13	37	0.0204902459213925	8632
Eurycea_longicauda	2721	3	88	0.0890237733940314	1977
Eurycea_longicauda	2722	6	23	0.0147698533131007	3987
Eurycea_longicauda	2723	2	62	0.0940819423368741	1318
Eurycea_longicauda	2724	6	12	0.00789074355083460	3987
Eurycea_longicauda	2725	2	2	0.00321027287319422	1282
Eurycea_longicauda	2814	7	5	0.00245682491509502	4646
Eurycea_lucifuga	2544	3	7	0.00708143651997977	1977
Eurycea_lucifuga	2633	6	4	0.00202326757713708	3987
Eurycea_lucifuga	2634	14	22	0.00537610052169586	12455
Eurycea_lucifuga	2721	3	0	0	1977
Eurycea_lucifuga	2722	3	19	0.0198037620726125	1956
Eurycea_lucifuga	2723	2	28	0.0424886191198786	1318
Eurycea_lucifuga	2724	2	22	0.0333839150227618	1318
Eurycea_lucifuga	2725	3	34	0.0343955488113303	1977
Eurycea_lucifuga	2814	2	29	0.0440060698027314	1318
Eurycea_sosorum	2541	3	23	0.0199275362318841	2557
Eurycea_tonkawae	2541	5	15	0.0225131800795221	1722
Eurycea_tridentifera	2541	3	0	0	1015
Fejervarya_iskandari	1512	2	1	0.00169204737732657	1182
Fejervarya_iskandari	1513	2	2	0.00288600288600289	1386
Fejervarya_limnocharis	1512	2	5	0.00846023688663283	1182
Fejervarya_limnocharis	1513	2	5	0.00761035007610350	1350
Fejervarya_limnocharis	1871	5	6	0.00505186493047892	3156
Fejervarya_limnocharis	1960	3	11	0.0113695090439276	1938
Gephyromantis_blanci	1047	4	0	0	2063
Gephyromantis_boulengeri	1047	6	37	0.0409825398827344	3101
Gephyromantis_boulengeri	1138	4	1	0.000956022944550669	2120
Gephyromantis_decaryi	1047	11	33	0.0143409076567330	5844
Gephyromantis_decaryi	1137	6	1	0.000194363459669582	2927
Gephyromantis_eiselti	1138	3	1	0.00143400696906232	1878
Gephyromantis_enki	1047	2	1	0.00206611570247934	1054
Gephyromantis_leucocephalus	1047	3	1	0.00129962417300962	1544
Gephyromantis_redimitus	1138	2	143	0.319910514541387	998
Gephyromantis_webbi	1228	2	34	0.0688259109311741	1081
Guibemantis_liber	1047	4	52	0.0601970514564280	2210
Guibemantis_liber	1137	4	8	0.00875603864734299	2218
Guibemantis_liber	1138	2	0	0	1104
Guibemantis_liber	1227	6	73	0.0526460926261114	3235
Haddadus_binotatus	1024	2	1	0.00261096605744125	1115
Heterixalus_alboguttatus	1047	54	32	0.0182616523672169	17644
Heterixalus_alboguttatus	1137	4	14	0.0221518987341772	1264
Heterixalus_alboguttatus	1138	22	14	0.0105896213491150	6952
Heterixalus_alboguttatus	1318	10	12	0.0182137834036568	3160
Heterixalus_betsileo	1047	8	26	0.0286624203821656	2512
Heterixalus_betsileo	1137	46	53	0.0425593514765492	15026
Heterixalus_betsileo	1138	12	8	0.00555877243775333	4350
Heterixalus_betsileo	1227	8	17	0.0150136487716106	2512
Heterixalus_betsileo	1228	5	11	0.0152866242038217	1570
Heterixalus_boettgeri	1047	7	9	0.0135623869801085	2212
Heterixalus_luteostriatus	1227	2	5	0.00558035714285714	1792
Heterixalus_madagascariensis	1047	3	2	0.00421940928270042	948
Heterixalus_madagascariensis	1137	3	1	0.00210970464135021	948
Heterixalus_madagascariensis	1138	27	45	0.0314278373624987	9692
Heterixalus_madagascariensis	1228	21	12	0.0130048221820374	6636
Heterixalus_madagascariensis	1318	4	0	0	2424
Heterixalus_punctatus	1318	3	12	0.00901857000285144	2627
Heterixalus_tricolor	1227	2	1	0.00122549019607843	1712
Heterixalus_tricolor	1318	2	0	0	1792
Heterixalus_variabilis	1318	3	21	0.0152666932694866	2687
Hoplobatrachus_rugulosus	1960	2	0	0	1128
Hoplobatrachus_rugulosus	2051	2	1	0.00177304964539007	1128
Hoplobatrachus_rugulosus	2141	13	90	0.0728022805552439	9054
Hoplobatrachus_rugulosus	2142	2	1	0.00177304964539007	1128
Hoplobatrachus_rugulosus	2230	2	1	0.00177304964539007	1128
Hoplobatrachus_rugulosus	2231	4	3	0.00354609929078014	2830
Hoplobatrachus_rugulosus	2232	2	0	0	1128
Hoplobatrachus_rugulosus	2595	2	0	0	2276
Hoplobatrachus_tigerinus	2408	76	106	0.00907235485108143	44113
Hoplobatrachus_tigerinus	2498	9	22	0.0107860520094563	5076
Hyla_arborea	2662	6	4	0.00176195299412467	5450
Hyla_arborea	2751	6	8	0.00328290521140048	5349
Hyla_arborea	2840	4	3	0.00165502470367756	3629
Hyla_arborea	2841	2	2	0.00220264317180617	1816
Hyla_arborea	2842	4	8	0.00442437132287032	3623
Hyla_arborea	2926	2	3	0.00331491712707182	1810
Hyla_arborea	2927	4	0	0	3538
Hyla_arborea	2929	4	2	0.00116279069767442	3488
Hyla_arborea	2930	3	1	0.000736648250460405	2715
Hyla_arborea	2931	9	10	0.00263559979771920	8169
Hyla_arborea	3015	2	0	0	1818
Hyla_arborea	3017	21	7	0.00212229426141935	18972
Hyla_arborea	3020	35	3	0.000526286402311312	31750
Hyla_arborea	3021	5	3	0.00132596685082873	4525
Hyla_arborea	3107	4	0	0	3632
Hyla_arborea	3109	2	0	0	1810
Hyla_arborea	3110	2	0	0	1810
Hyla_avivoca	2721	3	2	0.00221862295868692	1904
Hyla_chrysoscelis	2541	4	30	0.0227931665606949	2659
Hyla_chrysoscelis	2545	2	4	0.00787401574803150	1176
Hyla_chrysoscelis	2633	2	1	0.00165837479270315	1293
Hyla_chrysoscelis	2634	2	1	0.00158982511923688	1311
Hyla_chrysoscelis	2635	4	7	0.00512871920934772	2592
Hyla_chrysoscelis	2721	4	36	0.0239714162281336	2637
Hyla_chrysoscelis	2723	2	2	0.00332225913621262	1272
Hyla_chrysoscelis	2724	4	5	0.00351336601721029	2663
Hyla_chrysoscelis	2726	3	10	0.00947608952002107	1962
Hyla_chrysoscelis	2812	2	3	0.00449775112443778	1338
Hyla_chrysoscelis	2813	2	14	0.0208955223880597	1341
Hyla_chrysoscelis	2902	2	7	0.0117056856187291	1268
Hyla_cinerea	2541	2	0	0	770
Hyla_intermedia	2749	4	7	0.00399087799315850	3508
Hyla_intermedia	2840	2	0	0	1774
Hyla_intermedia	2928	4	6	0.00403817914831131	3632
Hyla_japonica	2689	3	0	0	2667
Hyla_japonica	2777	4	17	0.0119047619047619	3696
Hyla_japonica	2778	6	21	0.0113275613275613	5544
Hyla_meridionalis	2561	3	0	0	2572
Hyla_meridionalis	2743	3	2	0.00146762106460279	2726
Hyla_meridionalis	2744	3	3	0.00220507166482911	2721
Hyla_meridionalis	2927	3	0	0	2727
Hyla_molleri	2834	7	8	0.00367095656492438	6358
Hyla_molleri	2835	10	2	0.000440528634361234	9080
Hyla_molleri	2925	11	4	0.000964339527875440	9955
Hyla_molleri	2926	6	3	0.00117813409782874	5093
Hyla_orientalis	2752	2	19	0.0209944751381215	1814
Hyla_orientalis	2753	18	24	0.0106836515228981	14475
Hyla_orientalis	2754	7	32	0.0170792110446756	4520
Hyla_orientalis	2758	4	3	0.00202578268876611	3620
Hyla_orientalis	2842	9	15	0.00574821217825438	6338
Hyla_orientalis	2843	7	17	0.0163415919873484	4157
Hyla_orientalis	2844	2	7	0.0129151291512915	1084
Hyla_orientalis	2845	4	14	0.0132226322263223	2168
Hyla_orientalis	2846	17	12	0.00792272628608639	9577
Hyla_orientalis	2847	12	8	0.00227989908508765	10852
Hyla_orientalis	2933	10	16	0.00746470227133211	9054
Hyla_orientalis	2934	4	13	0.00718232044198895	3620
Hyla_orientalis	2935	10	18	0.00584407612031922	9050
Hyla_orientalis	3021	10	6	0.00166973603437692	9050
Hyla_orientalis	3022	5	4	0.00176795580110497	4525
Hyla_orientalis	3023	2	2	0.00220994475138122	1810
Hyla_orientalis	3025	6	3	0.00176698332816707	5438
Hyla_orientalis	3110	15	5	0.00160164387884782	13567
Hyla_orientalis	3111	37	5	0.000905878253944563	33485
Hyla_orientalis	3112	2	0	0	1810
Hylarana_latouchii	2415	6	6	0.00344827586206897	3828
Hylarana_latouchii	2416	113	80	0.0408890773553573	72094
Hylarana_latouchii	2506	12	5	0.00173363731357462	7656
Hylarana_latouchii	2596	2	2	0.00313479623824451	1276
Hylarana_latouchii	2775	2	3	0.00470219435736677	1276
Hyla_sarda	2838	7	7	0.00310219330984418	6019
Hyla_savignyi	2664	16	7	0.000957217604858320	14495
Hyla_savignyi	2754	22	13	0.00339520285494885	17006
Hyla_savignyi	2755	20	51	0.0306273062730628	10840
Hyla_savignyi	2756	6	47	0.0447227871618650	3986
Hyla_savignyi	2757	4	1	0.000736648250460405	3620
Hyla_savignyi	2847	8	1	0.000276243093922652	7240
Hyla_versicolor	2541	2	12	0.0187793427230047	1320
Hyla_versicolor	2721	3	22	0.0232537088395844	1964
Hyla_versicolor	2723	6	28	0.0152263509251486	3767
Hyla_versicolor	2726	4	6	0.00304518880890576	2662
Hyla_versicolor	2813	2	0	0	1341
Hyla_versicolor	2817	4	2	0.00155569765077405	2606
Hyla_versicolor	2902	3	2	0.00198708395429707	2021
Hyloscirtus_armatus	1199	2	0	0	770
Hyloscirtus_tapichalaca	1556	2	0	0	770
Hyloxalus_bocagei	1647	4	0	0	1540
Hyloxalus_chlorocraspedus	1467	4	0	0	1540
Hyloxalus_elachyhistus	1466	3	1	0.00173160173160173	1155
Hyloxalus_elachyhistus	1555	4	1	0.00173160173160173	1540
Hyloxalus_idiomelus	1556	5	2	0.00311688311688312	1925
Hyloxalus_insulatus	1556	2	0	0	770
Hyloxalus_nexipus	1466	4	2	0.00259740259740260	1540
Hyloxalus_pulcherrimus	1466	2	1	0.00259740259740260	770
Hyloxalus_subpunctatus	1827	2	0	0	1170
Hyloxalus_sylvaticus	1555	2	0	0	770
Hynobius_amjiensis	2596	2	2	0.00265957446808511	1504
Hynobius_leechii	2778	2	17	0.0227882037533512	1887
Hynobius_leechii	2866	9	2	0.00103727821585502	7165
Hynobius_lichenatus	2508	3	2	0.00116856558574350	3423
Hynobius_lichenatus	2780	40	190	0.0431537787366007	45640
Hynobius_lichenatus	2781	45	170	0.0445869740348273	51345
Hynobius_lichenatus	2871	39	110	0.0217958771397586	44499
Hynobius_nebulosus	2689	2	34	0.0297984224364592	2282
Hynobius_nebulosus	2690	3	25	0.0146070698217938	3423
Hynobius_tokyoensis	2690	6	16	0.00747881974875840	6846
Hynobius_tokyoensis	2780	10	26	0.00954328561690525	11410
Hynobius_tokyoensis	2781	4	61	0.0356412503651767	4564
Hynobius_yiwuensis	2596	5	33	0.0257978723404255	4149
Hypsiboas_albomarginatus	1476	2	0	0	770
Hypsiboas_albomarginatus	1477	20	11	0.00616615067079462	12240
Hypsiboas_andinus	929	3	2	0.00346320346320346	1155
Hypsiboas_balzani	1737	2	0	0	770
Hypsiboas_bischoffi	933	2	0	0	770
Hypsiboas_caingua	932	3	0	0	1155
Hypsiboas_cordobae	749	3	4	0.00692640692640693	1155
Hypsiboas_ericae	1294	2	0	0	770
Hypsiboas_faber	932	2	1	0.00259740259740260	770
Hypsiboas_guentheri	843	2	0	0	770
Hypsiboas_joaquini	933	3	0	0	1155
Hypsiboas_leptolineatus	933	2	0	0	770
Hypsiboas_marginatus	752	2	0	0	770
Hypsiboas_prasinus	933	2	56	0.145454545454545	770
Hypsiboas_pulchellus	661	2	0	0	770
Hypsiboas_pulchellus	751	3	4	0.00692640692640693	1155
Hypsiboas_semiguttatus	933	3	4	0.00692640692640693	1155
Ichthyophis_glutinosus	1956	11	17	0.00883969623987370	7586
Insuetophrynus_acarpicus	567	7	13	0.00948280519911153	5035
Leptodactylus_albilabris	2189	6	24	0.00963336705301364	5342
Leptopelis_kivuensis	1673	5	7	0.00647652766850249	3095
Lithobates_catesbeianus	2595	2	0	0	2282
Lithobates_clamitans	2904	4	3	0.00601092896174863	1220
Lithobates_pipiens	2904	3	2	0.00437158469945355	915
Lithobates_sylvaticus	2904	7	4	0.00374707259953161	2135
Mannophryne_trinitatis	2010	27	19	0.00478308710506177	15422
Mannophryne_venezuelensis	2010	4	1	0.000865044884978440	2323
Mantella_baroni	1137	2	0	0	906
Mantella_baroni	2182	8	10	0.00630715862503942	3624
Mantella_betsileo	1136	13	11	0.00564439873328544	6166
Mantella_betsileo	1137	8	7	0.00610042995051513	4375
Mantella_ebenaui	1227	3	2	0.00288186075373075	1412
Mantella_ebenaui	1228	7	0	0	3360
Mantella_expectata	1137	148	17	0.00203163965823894	88752
Mantella_haraldmeieri	957	6	3	0.00250346754185470	2717
Mantella_nigricans	1318	5	7	0.00618101545253863	2265
Mantella_viridis	1318	179	29	0.00701365298467408	85228
Mantidactylus_charlotteae	1228	2	75	0.155279503105590	1075
Mantidactylus_femoralis	1137	2	32	0.0655737704918033	982
Mantidactylus_femoralis	1228	2	28	0.0746666666666667	877
Meristogenys_jerboa	1783	3	0	0	1888
Meristogenys_kinabaluensis	1875	3	7	0.0129310344827586	1888
Meristogenys_orphnocnemis	1875	3	0	0	1888
Meristogenys_whiteheadi	1965	5	6	0.00636182902584493	2515
Mertensiella_caucasica	2845	2	0	0	744
Mesotriton_alpestris	2930	2	2	0.00647249190938511	618
Mesotriton_alpestris	2931	9	49	0.0469255663430420	2781
Microhyla_fissipes	2231	2	31	0.0492845786963434	1258
Microhyla_fissipes	2416	2	5	0.00794912559618442	1258
Microhyla_okinavensis	2417	2	0	0	2282
Microhyla_okinavensis	2507	4	14	0.0132343430482061	2482
Microhyla_okinavensis	2508	12	130	0.0958157951674969	7512
Nototriton_abscondens	2004	5	3	0.00467532467532468	1925
Nototriton_lignicola	2094	3	8	0.0138528138528139	1155
Nototriton_limnospectator	2094	2	7	0.0189701897018970	754
Nototriton_picadoi	2005	2	1	0.00259740259740260	770
Nototriton_richardi	2004	3	0	0	1155
Odorrana_ishikawae	2598	4	0	0	4548
Oedipina_alleni	1915	2	2	0.00519480519480520	770
Oedipina_gephyra	2094	2	0	0	770
Oedipina_pacificensis	1915	2	2	0.00519480519480520	770
Oedipina_parvipes	2006	2	12	0.0311688311688312	770
Oedipina_poelzi	2004	4	20	0.0341991341991342	1540
Oedipina_uniformis	2004	4	13	0.0177489177489178	1540
Oedipina_uniformis	2005	5	9	0.0114285714285714	1925
Ommatotriton_ophryticus	2843	2	1	0.00251256281407035	796
Ommatotriton_ophryticus	2844	2	1	0.00251256281407035	796
Ommatotriton_ophryticus	2845	6	12	0.0137353433835846	2388
Ommatotriton_ophryticus	2846	4	13	0.0201005025125628	1592
Ommatotriton_vittatus	2754	7	9	0.0105288346494377	2786
Ommatotriton_vittatus	2755	3	2	0.00335008375209380	1194
Onychodactylus_fischeri	2777	3	25	0.0146070698217938	3423
Onychodactylus_japonicus	2507	5	11	0.00642018108778301	4040
Onychodactylus_japonicus	2689	52	175	0.0612247456892829	46683
Onychodactylus_japonicus	2690	9	53	0.0188596548078531	8604
Onychodactylus_japonicus	2779	4	3	0.00284414106939704	2899
Onychodactylus_japonicus	2780	36	180	0.0549191355178558	32196
Onychodactylus_japonicus	2781	20	173	0.0526500299829326	22820
Onychodactylus_japonicus	2871	19	137	0.0636662707950456	17239
Oophaga_granulifera	1112	12	33	0.0202272727272727	7200
Oophaga_pumilio	1112	14	43	0.0235900057009180	7826
Oophaga_pumilio	1915	24	45	0.0235325800261717	12860
Oophaga_pumilio	1916	10	36	0.0217054263565892	5590
Oophaga_pumilio	1917	10	38	0.0191612005565494	5590
Oophaga_pumilio	2004	21	53	0.0316123391120685	10905
Oophaga_pumilio	2005	132	97	0.0323032519233358	71694
Oophaga_pumilio	2006	13	15	0.00417412045319023	6989
Osteocephalus_taurinus	1381	2	3	0.00779220779220779	770
Osteocephalus_taurinus	1383	2	7	0.0181818181818182	770
Osteocephalus_taurinus	1473	3	9	0.0155844155844156	1155
Osteocephalus_taurinus	1474	3	2	0.00346320346320346	1155
Osteopilus_septentrionalis	2275	3	12	0.0111420612813370	2335
Osteopilus_septentrionalis	2276	5	15	0.0126737789319055	3449
Osteopilus_septentrionalis	2277	8	17	0.00764998046419764	4883
Osteopilus_septentrionalis	2364	3	44	0.0410168593132752	2249
Osteopilus_septentrionalis	2365	13	44	0.0129298195171335	9311
Osteopilus_septentrionalis	2367	3	4	0.00319749694749695	2577
Osteopilus_septentrionalis	2451	2	0	0	1436
Pachyhynobius_shangchengensis	2594	2	1	0.000876424189307625	2282
Pachytriton_labiatus	2503	2	0	0	614
Paramesotriton_caudopunctatus	2413	8	0	0	2456
Paramesotriton_chinensis	2413	8	0	0	2456
Paramesotriton_deloustali	2411	2	0	0	614
Paramesotriton_fuzhongensis	2413	8	0	0	2456
Paramesotriton_guanxiensis	2413	8	0	0	2456
Paramesotriton_hongkongensis	2414	2	0	0	614
Pelobates_cultripes	2743	2	4	0.0120845921450151	662
Pelobates_cultripes	2744	9	7	0.00320413339281264	5289
Pelobates_cultripes	2745	4	1	0.000725689404934688	2756
Pelobates_cultripes	2833	6	0	0	4134
Pelobates_cultripes	2834	16	4	0.000939940562582071	10720
Pelobates_cultripes	2835	4	2	0.00193517174649250	3660
Pelobates_cultripes	2924	6	0	0	4134
Pelobates_fuscus	2927	6	0	0	3426
Pelobates_fuscus	3024	16	32	0.0254232340922359	9136
Pelobates_fuscus	3025	6	1	0.000934033858727379	3426
Pelobates_fuscus	3116	3	0	0	1713
Pelobates_fuscus	3122	4	1	0.000875656742556918	2284
Pelodytes_ibericus	2744	5	0	0	1763
Pelodytes_punctatus	2835	2	4	0.0103896103896104	770
Pelophylax_bedriagae	2752	4	2	0.00246913580246914	1620
Pelophylax_bedriagae	2753	5	5	0.00641975308641975	2025
Pelophylax_bedriagae	2756	2	3	0.00740740740740741	810
Pelophylax_bedriagae	2846	2	4	0.00987654320987654	810
Pelophylax_nigromaculatus	2415	10	18	0.00918560606060606	7040
Pelophylax_nigromaculatus	2500	3	16	0.00934852468594800	3423
Pelophylax_nigromaculatus	2502	4	5	0.00233713117148700	4564
Pelophylax_nigromaculatus	2503	6	13	0.00414840782938943	6846
Pelophylax_nigromaculatus	2504	3	10	0.00584282792871750	3423
Pelophylax_nigromaculatus	2505	6	6	0.00312500000000000	4224
Pelophylax_nigromaculatus	2591	2	1	0.00142045454545455	1408
Pelophylax_nigromaculatus	2594	6	11	0.00344726847794333	6846
Pelophylax_nigromaculatus	2595	14	41	0.00874497982298158	15974
Pelophylax_nigromaculatus	2596	21	35	0.0116970602572339	15695
Pelophylax_nigromaculatus	2683	2	14	0.0122699386503067	2282
Pelophylax_nigromaculatus	2684	5	16	0.00595968448729185	5705
Pelophylax_nigromaculatus	2685	12	36	0.00925557060526386	13692
Pelophylax_nigromaculatus	2686	59	69	0.0117762406354604	41536
Pelophylax_nigromaculatus	2774	5	22	0.00929009640666082	5705
Pelophylax_nigromaculatus	2776	5	22	0.00958945263110584	5305
Pelophylax_nigromaculatus	2777	3	5	0.00471475719000471	2121
Pelophylax_nigromaculatus	2780	15	16	0.00776012290094984	7334
Pelophylax_nigromaculatus	2865	6	16	0.0106060606060606	4224
Pelophylax_nigromaculatus	2866	7	60	0.0374786940710473	5802
Pelophylax_nigromaculatus	2867	9	91	0.0303340149965917	10269
Pelophylax_nigromaculatus	2957	11	19	0.00826446280991736	7744
Pelophylax_nigromaculatus	3047	17	23	0.00507603609625668	11968
Pelophylax_plancyi	2593	15	38	0.0167098359566979	10755
Pelophylax_plancyi	2595	34	41	0.0188794168612037	24378
Pelophylax_plancyi	2596	15	17	0.00363950322109318	10755
Pelophylax_plancyi	2777	2	0	0	1424
Pelophylax_porosus	2780	3	23	0.0311713349307334	1478
Pelophylax_ridibundus	2842	2	1	0.00246913580246914	810
Pelophylax_saharicus	2657	2	2	0.00389863547758285	1026
Pelophylax_saharicus	2658	3	6	0.00779727095516569	1539
Pelophylax_saharicus	2748	3	3	0.00389863547758285	1539
Phrynobatrachus_dispar	1757	8	25	0.00966494845360824	6208
Phrynobatrachus_leveleve	1757	9	14	0.00422394043528064	6984
Phyllomedusa_ayeaye	1024	2	1	0.00111607142857143	1792
Phyllomedusa_ayeaye	1114	2	2	0.00519480519480520	770
Phyllomedusa_itacolomi	1115	2	0	0	770
Phyllomedusa_oreades	1203	4	9	0.00502710162277201	3583
Phyllomedusa_rohdei	1024	3	31	0.0536796536796537	1155
Phyllomedusa_sauvagii	1111	2	4	0.0103896103896104	770
Phyllomedusa_tetraploidea	1024	2	0	0	770
Phytotriades_auratus	2010	8	1	0.000641025641025641	3120
Plethodon_albagula	2722	2	33	0.0508474576271187	1298
Plethodon_amplus	2725	2	5	0.00796178343949045	1277
Plethodon_caddoensis	2632	2	58	0.0910518053375196	1286
Plethodon_cinereus	2726	18	56	0.0169182388871420	7499
Plethodon_cinereus	2898	9	0	0	3627
Plethodon_glutinosus	2634	5	19	0.0183132530120482	2378
Plethodon_grobmani	2634	5	33	0.0311100614076523	2398
Plethodon_mississippi	2633	6	38	0.0295281582952816	2628
Plethodon_mississippi	2634	4	12	0.0142331374726210	1741
Plethodon_nettingi	2725	2	0	0	1280
Plethodon_ouachitae	2632	4	22	0.0207152614142556	2467
Plethodon_richmondi	2725	2	13	0.0206022187004754	1280
Plethodon_serratus	2632	15	67	0.0403056351480421	10470
Plethodon_serratus	2633	3	0	0	2094
Plethodon_serratus	2634	2	0	0	1396
Plethodon_serratus	2723	3	1	0	2045
Plethodon_serratus	2725	2	0	0	1396
Plethodon_shenandoah	2726	19	2	0.000755878978707957	7645
Plethodon_shenandoah	2898	9	0	0	3627
Plethodon_shermani	2635	5	84	0.0604006163328197	3245
Plethodon_websteri	2635	3	2	0.00267482259514132	1648
Pleurodema_bibroni	752	2	0	0	770
Polypedates_leucomystax	2322	2	0	0	2054
Polypedates_leucomystax	2417	5	0	0	5135
Polypedates_leucomystax	2507	9	0	0	9243
Probreviceps_macrodactylus	1585	3	0	0	1122
Proceratophrys_boiei	932	3	0	0	1781
Proceratophrys_boiei	1023	8	23	0.0121596067745635	4792
Proceratophrys_boiei	1024	42	85	0.0411816380711654	25111
Proceratophrys_boiei	1115	4	65	0.0591791011715604	2290
Proceratophrys_boiei	1476	10	3	0.00141612200435730	6120
Proceratophrys_boiei	1477	92	56	0.0156973075771028	59868
Proceratophrys_boiei	1566	16	1	0.000750750750750749	10656
Proceratophrys_melanopogon	1024	7	122	0.0948594772254083	4133
Pseudoeurycea_juarezi	2182	2	0	0	1138
Pseudoeurycea_leprosa	2181	7	9	0.00453302568590789	4715
Pseudoeurycea_leprosa	2271	42	118	0.0210743340433478	27547
Pseudoeurycea_leprosa	2273	4	5	0.00371140884199138	2697
Pseudoeurycea_leprosa	2360	2	2	0.00296296296296296	1350
Pseudoeurycea_leprosa	2538	14	61	0.0288909241208892	9199
Pseudoeurycea_lineola	2272	4	6	0.00702987697715290	2276
Pseudoeurycea_mystax	2181	2	2	0.00351493848857645	1138
Pseudoeurycea_saltator	2182	2	0	0	1138
Pseudoeurycea_unguidentis	2182	2	3	0.00527240773286468	1138
Pyxicephalus_adspersus	862	129	18	0.00277935170586399	91332
Quasipaa_boulengeri	2593	2	0	0	2276
Rana_arvalis	2930	2	28	0.0410557184750733	1364
Rana_arvalis	3019	2	27	0.0395894428152493	1364
Rana_arvalis	3020	7	35	0.0209467951403435	4774
Rana_arvalis	3021	8	9	0.00356095517385840	5456
Rana_arvalis	3108	18	5	0.00124124823025154	12132
Rana_arvalis	3109	2	3	0.00439882697947214	1364
Rana_arvalis	3119	2	4	0.00586510263929619	1364
Rana_dalmatina	2751	2	0	0	792
Rana_dalmatina	2833	5	0	0	1980
Rana_dalmatina	2839	36	9	0.00754769921436600	14256
Rana_dalmatina	2840	9	5	0.00701459034792369	3564
Rana_dalmatina	2841	2	2	0.00505050505050505	792
Rana_dalmatina	2842	3	0	0	1188
Rana_dalmatina	2846	2	1	0.00252525252525253	792
Rana_dalmatina	2926	2	0	0	792
Rana_dalmatina	2927	17	3	0.00115121806298277	6732
Rana_dalmatina	2928	14	1	0.000360750360750361	5544
Rana_dalmatina	2929	14	1	0.000360750360750361	5544
Rana_dalmatina	2930	22	5	0.00114784205693297	8712
Rana_dalmatina	3015	22	0	0	8712
Rana_dalmatina	3017	13	0	0	5148
Rana_dalmatina	3019	5	2	0.00303030303030303	1980
Rana_dalmatina	3020	3	0	0	1188
Rana_dalmatina	3022	8	0	0	3168
Rana_dalmatina	3108	68	0	0	26928
Rana_dalmatina	3109	8	0	0	3168
Rana_dybowskii	2958	2	0	0	2282
Rana_iberica	2834	15	8	0.00494426603429232	6773
Rana_italica	2839	5	0	0	2278
Rana_japonica	2781	2	1	0.00219298245614035	912
Rana_latastei	2927	4	0	0	1912
Rana_macrocnemis	2845	3	3	0.00396825396825397	1512
Rana_macrocnemis	2846	19	6	0.00382901698691171	9576
Rana_macrocnemis	2847	12	8	0.00453944203944203	6048
Rana_pyrenaica	2835	3	0	0	1180
Rana_sauteri	2416	415	88	0.0141970632507302	245864
Rana_temporaria	2745	2	0	0	662
Rana_temporaria	2833	16	7	0.00355311355311355	7280
Rana_temporaria	2834	29	18	0.0218133904814751	11129
Rana_temporaria	2835	31	2	0.00131958190089245	10359
Rana_temporaria	2836	11	1	0.000988739357319418	3641
Rana_temporaria	2838	10	0	0	3310
Rana_temporaria	2842	2	1	0.00302114803625378	662
Rana_temporaria	2923	9	3	0.00305250305250305	4095
Rana_temporaria	2924	14	22	0.0303201993716917	5130
Rana_temporaria	2925	44	3	0.00248249373521633	14709
Rana_temporaria	2927	31	27	0.00737918768004805	11711
Rana_temporaria	2928	3	6	0	1138
Rana_temporaria	2929	11	5	0.000604229607250755	3786
Rana_temporaria	3013	7	4	0.00400160064025610	3332
Rana_temporaria	3015	11	4	0.00162862728172840	4511
Rana_temporaria	3016	2	0	0	952
Rana_temporaria	3017	3	3	0.00420168067226891	1428
Rana_temporaria	3018	68	9	0.0123506671584599	22798
Rana_temporaria	3019	3	0	0	1344
Rana_temporaria	3020	17	2	0.00186600319886263	5627
Rana_temporaria	3022	9	1	0.000671366230278617	2979
Rana_temporaria	3025	2	0	0	662
Rana_temporaria	3103	13	5	0.00194705040546987	4592
Rana_temporaria	3104	35	5	0.000692684618954263	16388
Rana_temporaria	3105	10	4	0.00216450010314376	4877
Rana_temporaria	3107	5	1	0.00181268882175227	1655
Rana_temporaria	3108	43	11	0.0122986339919508	14378
Rana_temporaria	3109	2	12	0.0337078651685393	832
Rana_temporaria	3114	3	0	0	993
Rana_temporaria	3121	2	0	0	662
Rana_temporaria	3194	4	1	0.00103734439834025	1928
Rana_temporaria	3195	3	1	0.00138312586445367	1446
Rana_temporaria	3202	3	0	0	1138
Rana_temporaria	3291	3	0	0	1428
Ranitomeya_amazonica	1557	11	6	0.00889911775987724	2607
Ranitomeya_amazonica	1558	3	20	0.0562587904360056	711
Ranitomeya_flavovittata	1557	4	19	0.0489451476793249	930
Ranitomeya_vanzolinii	1467	3	1	0.00173160173160173	1155
Ranitomeya_variabilis	1466	5	21	0.0514767932489452	1185
Ranitomeya_variabilis	1467	2	20	0.0843881856540084	474
Ranitomeya_variabilis	1556	5	28	0.0655839503224266	1161
Ranitomeya_variabilis	1557	2	6	0.0253164556962025	474
Ranitomeya_variabilis	1648	5	33	0.0656716417910448	1123
Ranitomeya_ventrimaculata	1467	4	39	0.0811199589063127	1253
Ranitomeya_ventrimaculata	1558	4	38	0.0801687763713080	1096
Ranitomeya_ventrimaculata	1646	3	15	0.0421940928270042	711
Ranitomeya_ventrimaculata	1832	2	15	0.0632911392405063	488
Ranitomeya_ventrimaculata	1833	3	0	0	804
Ranodon_sibiricus	2596	2	0	0	2282
Rhacophorus_schlegelii	2689	2	0	0	2282
Salamandra_atra	2927	2	0	0	2066
Salamandra_atra	2928	6	27	0.0107454017424976	5531
Salamandra_atra	2929	5	45	0.0216735039456873	5019
Salamandra_corsica	2838	3	1	0	2174
Salamandra_salamandra	2664	3	1	0.00222965440356745	897
Salamandra_salamandra	2744	2	0	0	1427
Salamandra_salamandra	2833	2	6	0.0162162162162162	742
Salamandra_salamandra	2834	82	25	0.0100102216118346	29525
Salamandra_salamandra	2835	16	6	0.00520090813901978	5760
Salamandra_salamandra	2836	7	3	0.00384024577572964	2604
Salamandra_salamandra	2924	12	20	0.0212238452048594	4454
Salamandrella_keyserlingii	2959	28	38	0.0101084975289578	23098
Salamandrella_keyserlingii	2961	2	5	0.00438212094653812	2282
Salamandrella_keyserlingii	3047	2	9	0.00788781770376862	2282
Salamandrella_keyserlingii	3049	33	66	0.0127075748078228	23873
Salamandrella_keyserlingii	3051	39	59	0.00653825042662348	37201
Salamandrella_keyserlingii	3121	9	1	0.000269401131051617	7740
Salamandrella_keyserlingii	3131	5	6	0.00392798690671031	3055
Salamandrella_keyserlingii	3233	40	3	0.000725819215016338	33612
Salamandrella_keyserlingii	3318	3	1	0.000584282792871750	3423
Salamandrella_keyserlingii	3329	4	0	0	3616
Salamandrina_perspicillata	2749	24	0	0	16368
Salamandrina_perspicillata	2838	19	1	0.000154344806297268	12958
Salamandrina_perspicillata	2839	210	108	0.0150723645954646	142112
Salamandrina_perspicillata	2928	72	4	0.000644335219528313	48827
Salamandrina_perspicillata	2929	38	1	0.000150173325045990	25916
Salamandrina_terdigitata	2749	19	0	0	12958
Salamandrina_terdigitata	2750	22	4	0	14727
Salamandrina_terdigitata	2839	20	49	0.0116051680268199	13134
Salamandrina_terdigitata	2928	43	42	0.00540786457118481	29073
Scaphiophryne_gottlebei	1137	102	11	0.00125675894364503	62729
Scinax_nebulosus	1477	14	7	0.00474035768153414	8568
Silverstoneia_flotator	1915	3	10	0	1460
Silverstoneia_nubicola	1915	2	0	0	770
Silverstoneia_nubicola	1916	2	0	0	770
Smilisca_baudinii	2448	2	0	0	770
Smilisca_fodiens	2448	2	0	0	770
Spea_hammondii	2716	3	37	0.0652443342776204	1122
Spelaeophryne_methneri	1495	2	3	0.00802139037433155	748
Speleomantes_flavus	2928	3	0	0	2258
Speleomantes_flavus	2929	3	1	0.000884173297966401	2262
Speleomantes_imperialis	2838	5	30	0.0200593400263168	2704
Speleomantes_imperialis	2928	6	24	0.0151193633952255	4524
Speleomantes_italicus	2928	5	33	0.0266809130572337	3661
Speleomantes_supramontis	2928	6	4	0.00168499525115677	4519
Staurois_parvus	1875	3	7	0.00800457404230989	1749
Staurois_tuberilinguis	1874	2	2	0.00343053173241853	1166
Staurois_tuberilinguis	1875	2	1	0.00171526586620926	1166
Telmatobius_bolivianus	1199	4	11	0.00835202611695032	2879
Telmatobius_espadai	1199	2	0	0	1442
Telmatobius_marmoratus	1108	2	3	0.00446428571428571	1391
Telmatobius_marmoratus	1198	6	21	0.0145495183841043	3852
Telmatobius_marmoratus	1288	3	2	0.00185442744552619	2161
Telmatobius_sanborni	1288	2	2	0.00278164116828929	1442
Thoropa_miliaris	1024	2	6	0.0156657963446475	1095
Trachycephalus_venulosus	1831	2	0	0	770
Triturus_carnifex	3105	9	10	0.00508905852417302	4716
Triturus_cristatus	3019	30	9	0.00512540563491340	11370
Triturus_cristatus	3105	73	5	0.000309234976703348	39137
Triturus_dobrogicus	3019	6	2	0.00246634371524433	2273
Xenopus_gilli	770	2	0	0	580
Xenopus_muelleri	952	2	0	0	580
Xenopus_muelleri	953	3	2	0.00459770114942529	870
Zakerana_kirtisinghei	1956	2	1	0.00154320987654321	1299
Zakerana_rufescens	2134	2	2	0.00366300366300366	1137
