Acomys_johannis	12	14	3	17	0.0103690149435804	3279
Acomys_percivali	-4	38	9	27	0.00840701600971371	9820
Acomys_wilsoni	-4	38	10	22	0.00720857341690089	11205
Aethomys_chrysophilus	-28	22	5	9	0.0130150509791228	1814
Aethomys_chrysophilus	-8	34	3	42	0.0245614035087719	3420
Aethomys_chrysophilus	-4	34	2	7	0.00614574187884109	2279
Aethomys_chrysophilus	-4	38	4	16	0.00703504653652912	4556
Aethomys_ineptus	-28	22	15	14	0.00780420939877472	5537
Aethomys_kaiseri	-12	26	3	11	0.00646187267881423	3414
Aethomys_namaquensis	-36	18	2	2	0.00331125827814570	1233
Aethomys_namaquensis	-32	18	7	12	0.00896508847912353	4148
Aethomys_namaquensis	-32	22	9	56	0.0338979001387231	5423
Aethomys_namaquensis	-32	26	5	8	0.00567827442181892	3108
Aethomys_namaquensis	-32	30	3	38	0.0429451636643418	1766
Aethomys_namaquensis	-28	18	8	27	0.0134934712557369	4897
Aethomys_namaquensis	-28	22	35	93	0.0359867672796814	21626
Aethomys_namaquensis	-28	26	20	70	0.0345706720053454	12342
Aethomys_namaquensis	-28	30	8	50	0.0300349102198730	5291
Aethomys_namaquensis	-24	22	2	7	0.0110935023771791	1262
Aethomys_namaquensis	-24	26	7	21	0.0127100741831395	4194
Aethomys_namaquensis	-24	30	21	58	0.0286867074103273	12377
Aethomys_namaquensis	-20	26	2	10	0.0167224080267559	1216
Ailurus_fulgens	28	102	2	3	0.00737100737100737	814
Ailurus_fulgens	32	102	3	0	0	1221
Ailurus_fulgens	44	130	2	0	0	804
Akodon_montensis	-28	-58	2	1	0.00124843945068664	1602
Alouatta_belzebul	-8	-34	3	0	0	3295
Alouatta_guariba	-28	-50	6	15	0.00554749193839093	5705
Alouatta_guariba	-24	-46	2	10	0.0105485232067511	1896
Alouatta_guariba	-20	-42	5	19	0.0110517162732353	4680
Andalgalomys_olrogi	-28	-66	2	5	0.0136239782016349	783
Anourosorex_squamipes	20	98	2	4	0.00350877192982456	2280
Anourosorex_yamashinai	24	122	2	8	0.00701754385964912	2280
Aotus_azarae	-8	-62	4	69	0.0313207207005501	4557
Aotus_azarae	-4	-50	2	21	0.0184534270650264	2277
Aotus_trivirgatus	-28	-50	2	2	0.00175438596491228	2280
Aplodontia_rufa	36	-86	2	0	0	819
Aplodontia_rufa	40	-122	45	71	0.0206509442700550	26206
Aplodontia_rufa	40	-118	31	10	0.00328713985514757	16677
Aplodontia_rufa	44	-126	19	3	0.000411079979585129	11740
Aplodontia_rufa	44	-122	34	55	0.0537842164567956	17213
Aplodontia_rufa	48	-122	398	80	0.00431595072418558	249792
Apodemus_agrarius	36	126	3	7	0.00526315789473684	2669
Apodemus_agrarius	44	134	23	40	0.00956266734667860	17112
Apodemus_agrarius	48	134	3	18	0.0111008325624422	3243
Apodemus_agrarius	56	62	2	1	0.00209643605870021	954
Apodemus_alpicola	48	10	3	2	0.00182149362477231	2401
Apodemus_argenteus	32	130	6	23	0.0134178730408110	3888
Apodemus_argenteus	36	134	10	56	0.0160879811468971	7710
Apodemus_argenteus	36	138	12	27	0.00995413379327617	6298
Apodemus_argenteus	40	142	3	5	0.00829187396351575	1206
Apodemus_argenteus	44	142	3	0	0	1944
Apodemus_chevrieri	32	102	4	0	0	4560
Apodemus_flavicollis	36	22	5	10	0.00443220493781788	4651
Apodemus_flavicollis	36	26	2	12	0.0124223602484472	1938
Apodemus_flavicollis	36	30	2	9	0.00933609958506224	1936
Apodemus_flavicollis	40	14	4	18	0.00934616167447208	3865
Apodemus_flavicollis	40	22	14	58	0.0102693209986198	13362
Apodemus_flavicollis	40	26	4	18	0.00951853398837024	3865
Apodemus_flavicollis	40	30	2	6	0.00725513905683192	1795
Apodemus_flavicollis	40	42	2	46	0.0623306233062331	1710
Apodemus_flavicollis	44	-2	5	10	0.00482911171512390	4793
Apodemus_flavicollis	44	2	2	8	0.00874316939890710	1873
Apodemus_flavicollis	44	10	2	8	0.00853788687299893	1901
Apodemus_flavicollis	44	14	3	9	0.00631231557506522	2874
Apodemus_flavicollis	44	18	5	23	0.00868421052631579	5700
Apodemus_flavicollis	44	34	3	3	0.00510204081632653	1176
Apodemus_flavicollis	48	2	3	14	0.0100596918806715	2810
Apodemus_flavicollis	48	6	3	8	0.00716393286782990	2570
Apodemus_flavicollis	48	14	5	16	0.00693782794046718	4807
Apodemus_flavicollis	48	26	11	14	0.00890538033395177	4312
Apodemus_flavicollis	48	30	3	5	0.00850340136054422	1176
Apodemus_flavicollis	48	46	2	4	0.00414937759336100	1936
Apodemus_flavicollis	52	10	2	2	0.00205761316872428	1970
Apodemus_flavicollis	52	26	3	11	0.00726571959169780	2898
Apodemus_flavicollis	52	30	115	38	0.00671307649870535	53996
Apodemus_flavicollis	52	50	2	2	0.00225479143179256	1774
Apodemus_flavicollis	60	26	2	6	0.00618556701030928	1942
Apodemus_mystacinus	36	26	2	9	0.00939457202505219	1924
Apodemus_mystacinus	36	30	2	7	0.00726895119418484	1933
Apodemus_peninsulae	36	126	4	12	0.00643274853801170	3822
Apodemus_peninsulae	48	134	4	15	0.00689972401103956	4348
Apodemus_peninsulae	52	142	3	5	0.00292397660818713	3420
Apodemus_peninsulae	60	98	8	39	0.0126566416040100	9120
Apodemus_ponticus	44	38	6	4	0.00411718131433096	2526
Apodemus_ponticus	44	46	2	22	0.0800000000000000	550
Apodemus_speciosus	28	130	4	1	0.00124378109452736	1608
Apodemus_speciosus	32	130	10	39	0.0213253905909051	6234
Apodemus_speciosus	32	134	2	3	0.00746268656716418	804
Apodemus_speciosus	36	134	7	9	0.00781805259417200	2814
Apodemus_speciosus	36	138	38	73	0.0104958742713707	35202
Apodemus_speciosus	36	142	4	3	0.00373134328358209	1608
Apodemus_speciosus	40	138	3	9	0.00175438596491228	2682
Apodemus_speciosus	40	142	49	53	0.0114001927385308	19082
Apodemus_speciosus	44	138	3	1	0.00165837479270315	1206
Apodemus_speciosus	44	142	6	3	0.00248756218905473	3150
Apodemus_speciosus	44	146	2	3	0.00294406280667321	2040
Apodemus_sylvaticus	36	-2	3	3	0.00216294404484097	2847
Apodemus_sylvaticus	36	14	15	56	0.0131674405113534	14370
Apodemus_sylvaticus	40	14	5	41	0.0175924621099302	4855
Apodemus_sylvaticus	40	18	10	15	0.00441669557174240	9610
Apodemus_sylvaticus	44	-2	5	17	0.00943794029533155	4410
Apodemus_sylvaticus	44	2	6	25	0.0109422487419278	4760
Apodemus_sylvaticus	44	6	4	29	0.0160187868160759	3811
Apodemus_sylvaticus	44	14	7	42	0.0170092950563556	5637
Apodemus_sylvaticus	44	18	4	17	0.00760233918128655	4560
Apodemus_sylvaticus	48	2	2	15	0.0163934426229508	1880
Apodemus_sylvaticus	48	14	4	7	0.00330008877723971	3850
Apodemus_sylvaticus	52	6	5	12	0.00601664889717986	4862
Apodemus_sylvaticus	52	30	88	75	0.00778849295615534	40681
Apodemus_sylvaticus	60	18	2	1	0.00108932461873638	1883
Apodemus_uralensis	40	42	6	3	0.00436363636363636	1650
Apodemus_uralensis	40	86	2	8	0.0236686390532544	730
Apodemus_uralensis	44	38	4	25	0.0121345029239766	4560
Apodemus_uralensis	44	46	4	20	0.00891812865497076	4560
Apodemus_uralensis	48	82	5	14	0.00663148068361338	4728
Apodemus_uralensis	48	86	13	26	0.00530801506475581	13725
Apodemus_uralensis	52	42	3	5	0.00712589073634204	1982
Apodemus_uralensis	52	50	4	3	0.00475059382422803	2403
Apodemus_uralensis	52	82	4	7	0.0110847189231987	2403
Apodemus_uralensis	56	38	3	0	0	1982
Apodemus_uralensis	56	46	3	10	0.0237529691211401	1982
Apodemus_uralensis	56	66	3	5	0.00438596491228070	2701
Apodemus_uralensis	56	74	2	6	0.00526315789473684	2280
Apodemus_witherbyi	44	34	2	3	0.00765306122448980	784
Apodemus_witherbyi	48	30	2	4	0.0102040816326531	784
Apomys_abrae	16	122	11	56	0.0227503201575977	11488
Apomys_datae	16	122	14	94	0.0308388377208704	14917
Apomys_insignis	8	126	4	5	0.00292397660818713	4560
Ardops_nichollsi	16	-62	2	4	0.00826446280991736	968
Artibeus_aztecus	16	-86	2	3	0.00263157894736842	2280
Artibeus_aztecus	20	-102	2	4	0.00350877192982456	2280
Artibeus_fraterculus	-4	-78	3	6	0.00526315789473684	2681
Artibeus_glaucus	0	-78	3	23	0.0192982456140351	2681
Artibeus_gnomus	0	-78	2	56	0.0491228070175439	2280
Artibeus_hirsutus	20	-102	2	1	0.000877192982456140	2280
Artibeus_incomitatus	8	-82	4	0	0	4560
Artibeus_inopinatus	12	-86	3	1	0.000584795321637427	3420
Artibeus_jamaicensis	-4	-78	3	15	0.00877192982456140	3420
Artibeus_jamaicensis	0	-78	13	38	0.00764221158958002	14081
Artibeus_jamaicensis	12	-90	2	4	0.00350877192982456	2280
Artibeus_jamaicensis	12	-70	18	0	0	20520
Artibeus_jamaicensis	12	-62	14	2	0.000769539632177812	10246
Artibeus_jamaicensis	16	-86	4	32	0.0149122807017544	4560
Artibeus_jamaicensis	16	-62	28	1	0.000124956265307143	31264
Artibeus_jamaicensis	20	-90	11	51	0.0149791951120332	12495
Artibeus_jamaicensis	28	-98	2	1	0.000877192982456140	2280
Artibeus_lituratus	0	-82	4	8	0.0108063175394846	1604
Artibeus_lituratus	0	-78	2	8	0.00701754385964912	2280
Artibeus_lituratus	12	-62	7	36	0.0147196341722320	5109
Artibeus_phaeotis	12	-86	3	3	0.00175438596491228	3420
Artibeus_phaeotis	16	-98	4	8	0.00394736842105263	4560
Artibeus_phaeotis	16	-86	4	9	0.00409356725146199	4560
Artibeus_toltecus	16	-94	2	26	0.0228070175438597	2280
Artibeus_toltecus	16	-86	2	29	0.0254385964912281	2280
Arvicanthis_niloticus	8	14	2	2	0.00179856115107914	2225
Arvicanthis_niloticus	12	14	13	5	0.00131872669356467	14437
Aselliscus_stoliczkanus	32	110	2	0	0	2280
Aselliscus_stoliczkanus	36	122	4	83	0.0435672514619883	4560
Aselliscus_tricuspidatus	-16	166	2	4	0.00350877192982456	2280
Avahi_laniger	-24	46	2	50	0.0438596491228070	2280
Avahi_laniger	-20	46	6	54	0.0181871345029240	6840
Avahi_laniger	-16	46	5	10	0.00368421052631579	5700
Avahi_laniger	-16	50	2	3	0.00263157894736842	2280
Avahi_occidentalis	-16	46	4	19	0.0106725146198830	4560
Balionycteris_maculata	4	102	3	82	0.139100932994063	1232
Bandicota_indica	12	98	2	1	0.000973709834469328	2132
Bandicota_indica	16	102	3	10	0.00649139889646219	3081
Bandicota_indica	20	102	3	5	0.00310516246638123	3307
Bandicota_savilei	16	102	2	6	0.00538116591928251	2239
Barbastella_barbastellus	28	-18	2	0	0	1022
Barbastella_leucomelas	24	122	3	7	0.00409356725146199	3420
Berylmys_berdmorei	20	102	3	11	0.00664251207729469	3332
Berylmys_bowersi	16	102	3	2	0.00140498770635757	3172
Berylmys_bowersi	16	106	5	140	0.0499010060456454	4550
Berylmys_bowersi	20	102	2	13	0.0117647058823529	2213
Blarinella_griselda	36	122	2	10	0.00877192982456140	2280
Brachyphylla_cavernarum	16	-62	3	6	0.00175592625109745	2763
Brachyphylla_cavernarum	20	-66	5	1	0.000367309458218549	5445
Brachyphylla_cavernarum	20	-62	5	1	0.000526315789473684	5700
Brachyphylla_nana	20	-82	3	0	0	3318
Brachyphylla_nana	20	-74	3	10	0.00612520030969229	3266
Cacajao_calvus	-16	-70	3	5	0.00293169158604515	3411
Cacajao_calvus	-8	-70	3	6	0.00261982663048508	3274
Cacajao_calvus	-8	-58	3	4	0.00234535326883612	3411
Cacajao_calvus	-4	-62	2	0	0	2274
Cacajao_melanocephalus	-4	-62	2	4	0.00351802990325418	2274
Cacajao_melanocephalus	0	-70	2	0	0	2274
Callosciurus_erythraeus	24	122	2	21	0.0184210526315789	2280
Calomys_callosus	-28	-58	5	3	0.00200630823561229	3998
Calomyscus_baluchi	24	66	5	29	0.0128082031413936	3471
Calomyscus_baluchi	32	70	3	3	0.00498753117206983	1942
Calomyscus_hotsoni	28	66	5	28	0.00983813882437992	5695
Calomys_musculinus	-36	-62	6	5	0.00311111111111111	3600
Calomys_musculinus	-36	-58	6	1	0.000714285714285714	2664
Calomys_musculinus	-32	-66	6	7	0.00500000000000000	3132
Calomys_musculinus	-32	-62	16	39	0.0355802897507732	6731
Caluromys_philander	-20	-42	2	12	0.0200000000000000	1400
Canis_latrans	36	-118	45	5	0.00678469562744008	7361
Canis_latrans	40	-106	3	15	0.000877192982456140	2390
Canis_latrans	40	-98	2	0	0	2280
Capreolus_pygargus	32	126	8	138	0.0508030639980232	8970
Capreolus_pygargus	36	126	3	2	0.00116959064327485	3420
Capreolus_pygargus	36	130	2	7	0.00614035087719298	2280
Capricornis_sumatraensis	16	110	2	0	0	1279
Carollia_brevicauda	0	-78	2	7	0.0174563591022444	802
Carollia_castanea	0	-82	2	6	0.0149625935162095	802
Carollia_perspicillata	0	-82	2	63	0.157107231920200	802
Carollia_perspicillata	0	-78	5	7	0.00947630922693267	2005
Castor_canadensis	60	26	4	0	0	4554
Cavia_aperea	-36	-58	4	20	0.00938580628787158	4526
Cavia_aperea	-32	-62	3	43	0.0254385964912281	3420
Cavia_aperea	-24	-58	2	7	0.00614035087719298	2280
Cavia_aperea	-16	-62	6	52	0.0259633101017384	6357
Cavia_aperea	4	-74	4	2	0.00116959064327485	4560
Cavia_magna	-36	-54	3	1	0.000584795321637427	3420
Cavia_tschudii	-16	-74	2	8	0.00701754385964912	2280
Cephalophus_callipygus	0	14	4	1	0.00105485232067511	2005
Cephalophus_dorsalis	0	14	2	8	0.0155642023346304	1028
Cephalophus_dorsalis	32	-118	3	10	0.0129701686121920	1542
Cephalophus_leucogaster	0	14	2	17	0.0334645669291339	1022
Cephalophus_natalensis	-28	22	3	0	0	2168
Cephalophus_nigrifrons	0	14	2	0	0	1028
Cephalophus_rufilatus	8	22	3	5	0	2168
Cephalophus_silvicultor	0	14	2	7	0.0138067061143984	1021
Cephalophus_silvicultor	32	-118	2	0	0	1028
Ceratotherium_simum	16	106	4	7	0.00840643274853801	1824
Chaerephon_pumilus	-28	22	2	1	0.00118343195266272	1690
Chaerephon_pumilus	-28	30	5	7	0.00497041420118343	4225
Cheirogaleus_crossleyi	-24	46	9	133	0.0400584795321637	10260
Cheirogaleus_crossleyi	-20	46	8	81	0.0206766917293233	9120
Cheirogaleus_crossleyi	-16	50	10	15	0.00394736842105263	10506
Cheirogaleus_crossleyi	-12	50	2	20	0.0315955766192733	1773
Cheirogaleus_major	-24	46	28	11	0.00208623410377796	31920
Cheirogaleus_major	-20	46	3	7	0.00263157894736842	2526
Cheirogaleus_major	-20	50	11	32	0.0131087460621010	11134
Cheirogaleus_major	-16	50	6	4	0.0108401084010840	1446
Cheirogaleus_medius	-24	42	3	0	0	738
Cheirogaleus_medius	-24	46	13	89	0.0127080521817363	14820
Cheirogaleus_medius	-20	42	3	6	0.00350877192982456	3420
Cheirogaleus_medius	-20	46	3	16	0.00935672514619883	3420
Cheirogaleus_medius	-16	46	2	27	0.158823529411765	553
Cheirogaleus_medius	-16	50	4	1	0.000584795321637427	4560
Cheirogaleus_medius	-12	50	2	0	0	2280
Cheirogaleus_sibreei	-20	46	10	1	0.000467836257309942	11400
Chimarrogale_himalayica	24	102	3	70	0.0409356725146199	3420
Chimarrogale_himalayica	24	122	15	8	0.00176570458404075	16260
Chimarrogale_himalayica	28	118	2	0	0	2280
Chimarrogale_himalayica	32	110	3	5	0.00292397660818713	3420
Chimarrogale_himalayica	36	106	4	53	0.0238304093567252	4560
Chimarrogale_himalayica	36	122	2	2	0.00175438596491228	2280
Chinchilla_lanigera	-36	-70	2	2	0.00398406374501992	1004
Chinchilla_lanigera	-32	-70	2	14	0.0262172284644195	1113
Chionomys_gud	44	42	3	0	0	3420
Chionomys_gud	44	46	11	50	0.00914010720734702	12534
Chionomys_nivalis	44	42	2	4	0.00487210718635810	1961
Chionomys_roberti	40	42	6	4	0.00158437269813924	6827
Chionomys_roberti	44	42	3	2	0.00117994100294985	3403
Chiromyscus_chiropus	20	102	2	1	0.000975609756097561	2050
Chironax_melanocephalus	4	102	2	2	0.00506329113924051	790
Chiropotes_chiropotes	-28	-50	4	16	0.00870057891494645	4383
Chlorocebus_aethiops	-12	30	6	18	0.00634361233480176	6810
Chlorocebus_pygerythrus	-28	22	4	18	0.0105263157894737	4560
Chlorocebus_sabaeus	12	-2	25	27	0.00766666666666666	28500
Chlorocebus_sabaeus	16	-62	12	1	0.00198615367154693	3204
Chlorocebus_tantalus	12	-2	10	1	0.000409356725146199	11400
Chodsigoa_caovansunga	24	106	2	2	0.00175438596491228	2280
Chodsigoa_hypsibia	36	110	3	7	0.00409356725146199	3420
Chodsigoa_parca	24	106	2	1	0.000877192982456140	2280
Chodsigoa_parca	36	122	4	89	0.0393274853801170	4560
Cistugo_lesueuri	-28	22	2	2	0.00176991150442478	2270
Colomys_goslingi	0	26	3	35	0.0215882707565085	2682
Conepatus_chinga	-40	-70	2	4	0.00484261501210654	1652
Conepatus_chinga	-40	-62	2	2	0.00242130750605327	1652
Corynorhinus_mexicanus	24	-106	3	14	0.00918775918775919	3110
Corynorhinus_rafinesquii	32	-94	19	32	0.00973880695285396	19496
Corynorhinus_rafinesquii	32	-90	2	2	0.00203252032520325	1969
Corynorhinus_rafinesquii	32	-82	2	3	0.00304878048780488	1968
Corynorhinus_rafinesquii	36	-82	2	5	0.00509683995922528	2031
Corynorhinus_rafinesquii	36	-78	9	13	0.00461143638947808	9335
Corynorhinus_townsendii	24	-106	3	3	0.00195321627387754	3110
Corynorhinus_townsendii	28	-106	9	23	0.00678573594158788	8556
Corynorhinus_townsendii	32	-114	4	2	0.000975639356665873	4166
Corynorhinus_townsendii	36	-118	5	3	0.00177698626846083	5173
Corynorhinus_townsendii	36	-114	4	10	0.00526947265174229	4016
Corynorhinus_townsendii	36	-106	8	45	0.0180443129376053	8416
Corynorhinus_townsendii	36	-102	4	4	0.00262916467725088	4159
Corynorhinus_townsendii	36	-82	6	153	0.0514165661675520	6011
Corynorhinus_townsendii	40	-118	4	17	0.0101843670498175	4141
Corynorhinus_townsendii	40	-110	14	5	0.000759482181910598	14477
Corynorhinus_townsendii	40	-106	17	48	0.0126465440687866	17538
Corynorhinus_townsendii	40	-82	2	0	0	2066
Corynorhinus_townsendii	40	-78	7	2	0.000530909382090304	7546
Corynorhinus_townsendii	44	-110	4	2	0.00118744308813238	4030
Cricetomys_emini	-4	22	4	13	0.0135387014323707	2511
Crocidura_attenuata	20	106	3	3	0.00317124735729387	2495
Crocidura_attenuata	24	106	2	2	0.00175438596491228	2280
Crocidura_attenuata	24	122	2	2	0.00497512437810945	804
Crocidura_caspica	40	50	3	8	0.00472535505430242	3400
Crocidura_dsinezumi	32	134	2	3	0.00263157894736842	2280
Crocidura_dsinezumi	36	134	3	9	0.00526315789473684	3420
Crocidura_dsinezumi	36	138	5	47	0.0254385964912281	4962
Crocidura_dsinezumi	40	142	12	22	0.00317306853049194	11466
Crocidura_dsinezumi	44	142	4	0	0	4560
Crocidura_eburnea	8	-6	9	72	0.0266123337512421	7051
Crocidura_goliath	0	14	3	4	0.00671704450041982	1201
Crocidura_lasiura	36	126	4	5	0.00219298245614035	3084
Crocidura_leucodon	52	14	4	1	0.00132013201320132	2020
Crocidura_obscurior	8	-6	15	82	0.0333958871981101	15339
Crocidura_olivieri	8	-6	2	2	0.00497512437810945	969
Crocidura_olivieri	8	22	2	0	0	2270
Crocidura_rapax	24	122	6	17	0.00662103018740882	5364
Crocidura_shantungensis	32	126	4	7	0.00307017543859649	4560
Crocidura_shantungensis	36	126	3	9	0.0223880597014925	1946
Crocidura_shantungensis	36	130	2	1	0.000877192982456140	2280
Crocidura_shantungensis	44	-78	5	0	0	5671
Crocidura_shantungensis	44	130	4	3	0.00131578947368421	4560
Crocidura_shantungensis	44	134	2	2	0.00175438596491228	2280
Crocidura_shantungensis	52	86	2	1	0.000877192982456140	2280
Crocidura_sibirica	40	86	3	6	0.00351082564473813	3419
Crocidura_sibirica	56	82	3	1	0.000935016362786349	2993
Crocidura_suaveolens	24	122	2	1	0.00248756218905473	804
Crocidura_suaveolens	36	26	4	16	0.0263453576698097	1251
Crocidura_suaveolens	44	38	2	24	0.0848056537102474	677
Crocidura_suaveolens	48	18	2	0	0	2280
Crocidura_suaveolens	48	46	2	0	0	2276
Crocidura_suaveolens	52	38	2	0	0	2280
Crocidura_suaveolens	56	38	2	0	0	910
Crocidura_tanakae	16	106	4	3	0	3186
Crocidura_tanakae	24	122	2	1	0.000877192982456140	2280
Crocidura_viaria	12	-6	2	1	0.000970873786407767	2157
Crocidura_wuchihensis	24	106	2	10	0.00877192982456140	2280
Crocuta_crocuta	-4	34	4	10	0.0135858772614597	1530
Crocuta_crocuta	48	14	3	10	0.0182149362477231	1098
Crocuta_crocuta	52	2	2	0	0	2277
Cryptotis_goldmani	16	-98	3	3	0.00175438596491228	3420
Cryptotis_magna	16	-98	3	13	0.00760233918128655	3420
Cryptotis_mexicana	16	-98	6	44	0.0154720133667502	6330
Cryptotis_nelsoni	20	-94	5	33	0.0137719298245614	5700
Cryptotis_peregrina	16	-98	3	13	0.00760233918128655	3420
Cryptotis_phillipsii	16	-98	4	26	0.0121345029239766	4560
Ctenomys_coyhaiquensis	-48	-70	2	1	0.000877192982456140	2280
Ctenomys_dorbignyi	-28	-58	2	0	0	1376
Ctenomys_pearsoni	-36	-58	2	12	0.0174418604651163	1376
Ctenomys_pearsoni	-32	-58	2	0	0	1376
Ctenomys_perrensi	-28	-58	3	4	0	1802
Ctenomys_torquatus	-32	-54	8	23	0.00711068211068211	8910
Ctenomys_torquatus	-28	-58	2	11	0.00990990990990991	2220
Cynomys_ludovicianus	28	-106	8	15	0.00410607653698891	9117
Cynopterus_brachyotis	0	110	4	47	0.0754726704673560	1576
Cynopterus_brachyotis	4	102	6	41	0.0531512438131435	2366
Cynopterus_horsfieldii	0	110	3	38	0.0222222222222222	3420
Cynopterus_horsfieldii	4	102	5	25	0.0109649122807018	4261
Cynopterus_horsfieldii	4	118	3	21	0.0122807017543860	3420
Cynopterus_sphinx	4	102	2	0	0	790
Cynopterus_sphinx	8	102	2	7	0.0177215189873418	790
Dacnomys_millardi	20	102	2	2	0.00197433366238894	2026
Dasyprocta_leporina	4	-54	28	38	0.0103953031873700	16495
Dendrolagus_inustus	-4	142	2	1	0.00232558139534884	860
Dendrolagus_lumholtzi	-16	146	3	2	0.00310077519379845	1290
Dicrostonyx_groenlandicus	68	-138	2	2	0.00225479143179256	1787
Dicrostonyx_torquatus	56	-2	3	5	0.00385329113743038	2338
Didelphis_aurita	-20	-42	2	1	0.00125156445556946	1600
Dipodomys_elator	32	-98	2	3	0.00297619047619048	2016
Dipodomys_microps	36	-118	2	3	0.00709219858156028	846
Dipodomys_nelsoni	24	-106	2	0	0	2016
Dipodomys_ordii	36	-106	2	0	0	2016
Dipodomys_phillipsii	20	-102	2	42	0.0416666666666667	2016
Dipodomys_phillipsii	20	-98	13	46	0.0132147944647944	13104
Dipodomys_phillipsii	24	-106	2	7	0.00694444444444444	2016
Dipodomys_phillipsii	24	-102	3	19	0.0125661375661376	3024
Dromiciops_gliroides	-40	-74	2	0	0	2280
Ectophylla_alba	8	-82	3	1	0.000584795321637427	3420
Eidolon_helvum	-12	30	15	33	0.00486215538847119	17100
Eidolon_helvum	-4	22	5	9	0.00957178841309824	1985
Eidolon_helvum	0	6	3	7	0.0117548278757347	1191
Eidolon_helvum	0	10	2	7	0.0176322418136020	794
Eidolon_helvum	4	10	35	45	0.0109010858751559	13895
Eliomys_melanurus	36	-6	2	7	0.0104633781763827	1452
Eliomys_quercinus	40	10	3	5	0.00502085796203443	2002
Eliomys_quercinus	44	6	4	12	0.00788743215161423	3054
Eliomys_quercinus	44	14	3	15	0.0153928792848049	2069
Eliomys_quercinus	48	10	2	34	0.0472878998609179	1492
Eliomys_quercinus	52	6	3	31	0.0287902614333507	2387
Eliurus_myoxinus	-24	46	3	41	0.0250994796449342	3267
Eliurus_myoxinus	-16	50	4	18	0.0105601469237833	4356
Eliurus_webbi	-16	50	2	10	0.00918273645546373	2178
Emballonura_atrata	-24	46	3	0	0	3269
Eonycteris_spelaea	8	126	2	2	0.00175438596491228	2280
Episoriculus_caudatus	36	122	6	70	0.0339181286549708	6840
Episoriculus_fumidus	24	122	3	38	0.0222222222222222	3420
Episoriculus_leucops	36	122	4	11	0.00511695906432749	4560
Episoriculus_macrurus	36	122	6	127	0.0561403508771930	6840
Epomophorus_gambianus	4	18	17	37	0.00992647058823530	19380
Epomophorus_gambianus	8	22	6	26	0.00941520467836257	6840
Eptesicus_nilssonii	52	114	3	0	0	2778
Eptesicus_nilssonii	56	22	2	0	0	1679
Eptesicus_nilssonii	56	94	2	1	0.00161290322580645	1760
Eptesicus_serotinus	44	-74	3	7	0.00413606886572984	3397
Eptesicus_serotinus	48	50	6	6	0.00268874956202740	6181
Eremitalpa_granti	-28	22	2	0	0	2280
Eremoryzomys_polius	-8	-78	2	1	0.000900090009000900	2251
Euchoreutes_naso	36	78	2	9	0.00810810810810811	2220
Euchoreutes_naso	40	90	4	6	0.00270270270270270	4440
Euchoreutes_naso	40	94	8	25	0.00669240669240669	8880
Euchoreutes_naso	40	98	3	0	0	3330
Eupetaurus_cinereus	36	122	2	0	0	852
Euroscaptor_longirostris	24	102	3	1	0.000584795321637427	3420
Euroscaptor_longirostris	32	102	2	37	0.0324561403508772	2280
Euroscaptor_parvidens	16	106	7	102	0.0498883176990869	7850
Euryoryzomys_macconnelli	-4	-74	2	10	0.00877192982456140	2280
Euryoryzomys_russatus	-24	-42	2	0	0	1602
Euryoryzomys_russatus	-20	-42	2	4	0.00499375780274657	1941
Galea_musteloides	-32	-70	2	49	0.0732436472346786	1809
Galea_musteloides	-32	-66	2	2	0.00210970464135021	2088
Galea_musteloides	-28	-66	5	38	0.0247132317132174	4302
Galea_musteloides	-28	-58	3	12	0.00730994152046784	3420
Galea_musteloides	-20	-66	12	178	0.0532537350295328	13175
Galea_musteloides	-20	-58	4	35	0.0159554568906155	4558
Galea_musteloides	-16	-70	6	48	0.0211742690058480	6795
Galea_musteloides	-16	-66	5	60	0.0253046475887190	5673
Galea_musteloides	-16	-62	6	123	0.0556390977443609	4907
Galea_spixii	-4	-38	2	5	0.00438596491228070	2280
Galemys_pyrenaicus	40	-6	24	16	0.00390922959572843	27360
Galemys_pyrenaicus	40	-2	6	5	0.00163742690058479	6840
Galemys_pyrenaicus	40	2	17	1	0.000451496388028897	19380
Galemys_pyrenaicus	44	-10	5	7	0.00298245614035088	5700
Galemys_pyrenaicus	44	-6	44	29	0.00593727977448899	50160
Galemys_pyrenaicus	44	-2	37	14	0.00410673831726466	42180
Gazella_arabica	20	42	3	14	0.00832218920060658	3383
Gazella_arabica	28	34	4	5	0.00248591370516536	4323
Gazella_dorcas	16	14	14	20	0.00415955567186944	11580
Gazella_dorcas	20	34	9	19	0.00471923286012808	10055
Gazella_dorcas	20	38	3	0	0	3078
Gazella_dorcas	24	6	3	0	0	3420
Gazella_dorcas	28	34	14	70	0.0140811394929802	14699
Gazella_leptoceros	28	26	2	25	0.0227066303360581	2219
Genetta_genetta	-28	22	3	1	0.00165425971877585	1209
Genetta_genetta	24	46	4	0	0	1612
Genetta_genetta	40	2	3	0	0	1209
Genetta_maculata	-4	38	4	2	0.00673400673400674	792
Geomys_bursarius	40	-102	3	23	0.0134502923976608	3420
Geomys_bursarius	44	-98	2	8	0.00701754385964912	2280
Geomys_pinetis	28	-82	9	64	0.0242898642689615	8996
Geomys_pinetis	32	-86	7	85	0.0492395023240998	6509
Geomys_pinetis	32	-82	12	103	0.0247540055102451	10872
Geomys_pinetis	36	-86	2	72	0.0794701986754967	1823
Gerbilliscus_afra	-28	22	2	7	0.00616740088105727	2275
Gerbilliscus_brantsii	-28	22	2	0	0	2280
Gerbilliscus_gambianus	12	14	2	4	0.00391772771792360	2131
Gerbilliscus_guineae	12	-2	2	11	0.00966608084358524	2278
Gerbilliscus_kempi	12	14	3	6	0.00361336946702800	3327
Gerbilliscus_leucogaster	-28	22	2	8	0.00701754385964912	2280
Gerbillus_gerbillus	28	-14	10	25	0.00627680311890838	11400
Gerbillus_nanus	20	-14	2	8	0.00701754385964912	2280
Gerbillus_nanus	20	2	2	24	0.0210526315789474	2280
Gerbillus_occiduus	24	-14	2	4	0.00350877192982456	2280
Gerbillus_occiduus	28	-14	2	22	0.0192982456140351	2280
Gerbillus_occiduus	28	-10	6	5	0.00163742690058480	6840
Gerbillus_occiduus	32	-10	8	16	0.00394736842105263	9120
Gerbillus_tarabuli	16	-10	3	9	0.00526315789473684	3420
Gerbillus_tarabuli	20	-18	2	8	0.00701754385964912	2280
Gerbillus_tarabuli	32	-6	2	11	0.00964912280701754	2280
Gerbillus_tarabuli	32	-2	3	11	0.00643274853801170	3420
Giraffa_camelopardalis	36	142	5	0	0	1910
Giraffa_camelopardalis	40	-10	2	0	0	2280
Giraffa_camelopardalis	40	142	2	4	0.0104712041884817	764
Giraffa_camelopardalis	48	2	3	44	0.0257309941520468	3420
Glaucomys_sabrinus	36	-82	7	1	0.00151171579743008	2461
Glaucomys_sabrinus	40	-122	2	2	0.00350262697022767	1142
Glaucomys_sabrinus	40	-110	4	0	0	1768
Glaucomys_sabrinus	40	-78	5	0	0	1575
Glaucomys_sabrinus	44	-122	6	4	0.00484735803471914	2391
Glaucomys_sabrinus	44	-86	2	1	0.00317460317460317	630
Glaucomys_sabrinus	48	-122	11	19	0.0302006080626784	3462
Glaucomys_sabrinus	48	-118	5	4	0.00508340915984228	1830
Glaucomys_sabrinus	48	-86	2	0	0	886
Glaucomys_sabrinus	52	-114	3	4	0.00849256900212314	943
Glaucomys_sabrinus	56	-134	5	4	0.00140350877192982	5700
Glaucomys_sabrinus	56	-130	2	1	0.000877192982456140	2280
Glaucomys_sabrinus	60	-134	2	2	0.00175438596491228	2280
Glaucomys_sabrinus	64	-146	2	1	0.00317460317460317	630
Glaucomys_volans	16	-94	2	1	0.00175131348511384	1142
Glaucomys_volans	16	-90	3	1	0.00211640211640212	1201
Glaucomys_volans	20	-98	6	1	0.000583771161704612	3426
Glaucomys_volans	24	-98	2	0	0	1142
Glaucomys_volans	28	-82	12	5	0.00240660293199697	5060
Glaucomys_volans	32	-94	2	1	0.00175131348511384	1142
Glaucomys_volans	32	-90	4	1	0.00211640211640212	1260
Glaucomys_volans	36	-82	3	1	0.00211640211640212	945
Glaucomys_volans	40	-78	10	3	0.00218447786457127	4174
Glaucomys_volans	44	-66	3	1	0.00211640211640212	945
Glaucomys_volans	48	-86	3	2	0.00423280423280423	945
Glirulus_japonicus	32	130	8	116	0.00946010081173082	4692
Glirulus_japonicus	36	134	11	198	0.0710235257189047	8770
Glirulus_japonicus	36	138	38	189	0.0243312789310992	18452
Glirulus_japonicus	40	142	8	50	0.0490848613259300	4612
Glis_glis	36	14	2	1	0.00151057401812689	1358
Gorilla_gorilla	8	10	3	1	0.00220750551876380	906
Gracilinanus_agilis	-28	-54	2	24	0.0371517027863777	1447
Gracilinanus_agilis	-20	-58	4	6	0.00347020414020737	4072
Gracilinanus_agilis	-20	-54	7	32	0.0106098579782790	7980
Gracilinanus_agilis	-16	-50	3	25	0.0146198830409357	3420
Gracilinanus_agilis	-16	-46	9	71	0.0263157894736842	10260
Gracilinanus_agilis	-12	-46	18	24	0.00612315101479188	20520
Gracilinanus_agilis	-12	-42	7	12	0.00426065162907268	7980
Gracilinanus_agilis	-8	-42	6	22	0.00936636222266027	6501
Gracilinanus_agilis	-8	-38	3	25	0.0149122807017544	3420
Gracilinanus_agilis	-4	-38	3	5	0.00292397660818713	3420
Gracilinanus_microtarsus	-24	-50	2	8	0.0130293159609121	1268
Gracilinanus_microtarsus	-20	-42	4	54	0.0530736021584407	2731
Grammomys_dolichurus	-28	22	2	3	0.00800000000000000	750
Graomys_griseoflavus	-32	-70	4	6	0.00847632901916148	1501
Graomys_griseoflavus	-32	-62	3	1	0.00176366843033510	1136
Graomys_griseoflavus	-28	-66	2	2	0.00539083557951483	749
Graomys_griseoflavus	-28	-62	8	43	0.0561854733450640	3012
Gulo_gulo	64	-150	17	5	0.000851393188854491	19380
Handleyomys_melanotis	16	-98	2	0	0	2280
Handleyomys_melanotis	20	-106	3	8	0.00467836257309942	3420
Handleyomys_rostratus	16	-94	4	9	0.00497076023391813	4560
Handleyomys_saturatior	16	-90	3	9	0.00526315789473684	3420
Heimyscus_fumosus	-4	10	4	38	0.0219298245614035	4560
Heimyscus_fumosus	0	10	3	60	0.0351772130413986	3417
Hemitragus_jemlahicus	-44	174	2	8	0.0203562340966921	795
Herpestes_javanicus	28	126	2	1	0.00132978723404255	1504
Herpestes_javanicus	32	130	7	0	0	2814
Hipposideros_bicolor	0	110	3	0	0	1230
Hipposideros_coxi	0	110	3	0	0	1230
Hipposideros_larvatus	0	110	2	0	0	826
Hipposideros_larvatus	24	114	2	6	0.00526315789473684	2280
Hipposideros_pratti	28	102	2	3	0.00263157894736842	2280
Hipposideros_pratti	40	126	2	6	0.00526315789473684	2280
Hipposideros_ruber	0	6	2	12	0.0105263157894737	2280
Hipposideros_ruber	0	30	2	29	0.0254385964912281	2280
Hipposideros_ruber	4	10	6	81	0.0337426900584795	6840
Hipposideros_ruber	4	14	3	53	0.0309941520467836	3420
Hydropotes_inermis	36	130	5	16	0.00754747932165797	5699
Hylaeamys_laticeps	-16	-38	2	15	0.0187265917602996	1941
Hylobates_agilis	-8	106	2	17	0.0470914127423823	722
Hylobates_agilis	-8	114	2	12	0.0332409972299169	722
Hylobates_moloch	-8	106	12	11	0.00672351399498213	4332
Hylobates_moloch	-8	110	9	14	0.00954674087753497	3249
Hylomyscus_aeta	4	10	3	1	0.000602772754671489	3368
Hylomyscus_alleni	0	10	3	14	0.00824500239064469	3404
Hylomyscus_alleni	0	14	4	10	0.00441970386851869	4532
Hylomyscus_alleni	4	18	7	15	0.00344014583527776	6542
Hylomyscus_parvus	-4	10	3	101	0.0852782764811490	2784
Hylomyscus_parvus	0	10	6	140	0.0589138477044853	6636
Hylomyscus_parvus	0	14	2	8	0.00722673893405601	2241
Hylomyscus_parvus	4	10	2	9	0.00793650793650794	2274
Hylomyscus_parvus	4	18	3	7	0.00405284649405590	3311
Hylomyscus_stella	0	26	3	59	0.0348897085040928	3391
Hylopetes_lepidus	4	114	2	0	0	679
Hylopetes_spadiceus	4	114	2	3	0.0106382978723404	624
Isthmomys_pirrensis	8	-78	2	2	0.00175438596491228	2280
Jaculus_jaculus	16	-18	2	22	0.0198198198198198	2220
Jaculus_jaculus	16	-14	3	17	0.0102386969218296	3324
Jaculus_jaculus	16	-2	2	26	0.0234657039711191	2218
Jaculus_jaculus	16	2	2	10	0.00901713255184851	2219
Jaculus_jaculus	16	10	5	111	0.0581081081081081	5550
Jaculus_jaculus	20	2	2	108	0.0974729241877256	2218
Jaculus_jaculus	24	-14	2	8	0.00720720720720721	2220
Jaculus_jaculus	24	22	2	8	0.00726612170753860	2211
Jaculus_jaculus	28	14	12	51	0.0154988134940345	13317
Jaculus_jaculus	28	22	2	102	0.0918918918918919	2220
Jaculus_jaculus	28	30	2	10	0.00900900900900901	2220
Jaculus_jaculus	28	46	12	28	0.00552877965904815	13301
Jaculus_jaculus	32	6	5	18	0.00886812828090467	5534
Jaculus_jaculus	32	10	26	191	0.0569611114094490	28818
Jaculus_jaculus	32	30	3	105	0.0632835367012582	3326
Jaculus_jaculus	36	10	7	122	0.0325225958998381	7755
Jaculus_orientalis	28	30	2	1	0.000892857142857143	2242
Jaculus_orientalis	32	-6	2	5	0.00446827524575514	2241
Jaculus_orientalis	32	2	2	11	0.00982142857142857	2242
Jaculus_orientalis	32	10	4	28	0.0133114536054392	4474
Jaculus_orientalis	32	14	5	30	0.0151038900242901	5603
Jaculus_orientalis	32	22	4	5	0.00222882654535066	4487
Jaculus_orientalis	32	26	4	6	0.00267937217945103	4485
Jaculus_orientalis	32	30	2	3	0.00267379679144385	2244
Jaculus_orientalis	36	-6	3	10	0.00567210382765824	3357
Jaculus_orientalis	36	-2	5	11	0.00519436755025304	5593
Jaculus_orientalis	36	6	2	19	0.0169340463458111	2244
Jaculus_orientalis	36	10	5	35	0.0157251889040793	5602
Kerivoula_hardwickii	4	118	3	0	0	3420
Kerivoula_intermedia	4	118	2	2	0.00175438596491228	2280
Kerivoula_minuta	4	110	2	0	0	2280
Kerivoula_papillosa	4	102	4	11	0.00511695906432749	4560
Kerivoula_pellucida	4	102	2	17	0.0149122807017544	2280
Kerivoula_whiteheadi	4	102	3	0	0	3420
Laephotis_botswanae	-28	22	5	5	0.00175438596491228	5700
Laephotis_wintoni	-28	22	2	1	0.000877192982456140	2280
Lagorchestes_hirsutus	-24	114	2	4	0.0114613180515759	747
Lagostrophus_fasciatus	-24	114	2	0	0	2292
Lasiurus_xanthinus	28	-110	2	0	0	1602
Lemmus_amurensis	56	158	3	1	0.00103039670273055	1941
Lemmus_lemmus	64	14	3	3	0.00568181818181818	1056
Lemmus_lemmus	64	18	6	3	0.00397727272727273	2407
Lemmus_lemmus	68	18	7	2	0.00324675324675325	2464
Lemmus_sibiricus	52	42	2	0	0	704
Lemmus_sibiricus	68	62	7	3	0.00324675324675325	2464
Lemniscomys_striatus	-4	22	18	40	0.0106263375547736	14038
Lemniscomys_striatus	0	14	9	2	0.000729249535932113	7542
Lemniscomys_striatus	8	-6	7	43	0.0224058602913243	6109
Lemniscomys_striatus	8	22	3	6	0.00477326968973747	2514
Lemniscomys_zebra	12	14	2	14	0.0125786163522013	2226
Leopoldamys_edwardsi	16	102	3	2	0.00168467878826578	2665
Leopoldamys_edwardsi	20	102	26	182	0.0366130504864827	26391
Leopoldamys_edwardsi	20	106	26	78	0.0148469809760132	19344
Leopoldamys_milleti	12	106	3	2	0.00123800680903745	3357
Leopoldamys_neilli	16	102	2	1	0.00113250283125708	1825
Leopoldamys_neilli	16	106	3	10	0.00584795321637427	3420
Leopoldamys_neilli	20	102	2	0	0	2201
Leopoldamys_sabanus	8	98	2	5	0.00712250712250712	1717
Leopoldamys_sabanus	12	106	7	25	0.00824331956976995	7306
Leopoldamys_sabanus	24	106	2	0	0	1636
Lepilemur_ankaranensis	-12	50	21	26	0.00245958032335741	16848
Lepilemur_dorsalis	-12	50	11	2	0.000379326695116169	10964
Lepilemur_edwardsi	-20	46	2	0	0	704
Lepilemur_edwardsi	-16	46	5	2	0.00378787878787879	2548
Lepilemur_mustelinus	-20	50	5	0	0	2548
Lepilemur_ruficaudatus	-24	46	2	0	0	2280
Lepilemur_ruficaudatus	-20	42	6	4	0	5264
Lepilemur_ruficaudatus	-20	46	6	25	0.0105847953216374	6840
Lepilemur_septentrionalis	-16	50	3	18	0.0105263157894737	3420
Lepilemur_septentrionalis	-12	50	2	8	0.00701754385964912	2280
Lepus_brachyurus	32	130	16	38	0.00767543859649122	18240
Lepus_brachyurus	32	134	7	13	0.00367585630743525	7980
Lepus_brachyurus	36	134	38	71	0.0190449452222306	43320
Lepus_brachyurus	36	138	59	88	0.00621957591178395	66545
Lepus_brachyurus	36	142	13	16	0.00506072874493928	14820
Lepus_brachyurus	40	138	2	2	0.00175438596491228	2280
Lepus_brachyurus	40	142	7	18	0.00609857978279031	7980
Lepus_brachyurus	44	146	9	11	0.00380116959064328	10260
Lepus_coreanus	36	126	4	5	0.00233918128654971	4560
Lepus_sinensis	20	106	3	0	0	1929
Lepus_timidus	44	142	27	31	0.00316389263757683	30780
Lepus_timidus	52	142	6	6	0.00210526315789474	6840
Lonchorhina_aurita	0	-78	3	1	0.00170068027210884	1178
Loxodonta_africana	-28	22	6	5	0.00478438571768763	3625
Loxodonta_africana	-28	30	50	13	0.00413891872538491	57000
Loxodonta_africana	-20	26	76	63	0.0227466912896290	86640
Loxodonta_africana	-16	30	15	10	0.00451127819548873	17100
Loxodonta_africana	-12	26	67	6	0.00181389702206660	76380
Loxodonta_africana	-4	22	5	65	0.0253309796999117	5665
Loxodonta_africana	-4	34	34	61	0.0150401790874186	38704
Loxodonta_africana	-4	38	116	61	0.00431870365806851	132230
Loxodonta_africana	0	10	19	39	0.00612253472700450	21646
Loxodonta_africana	0	14	3	24	0.0140350877192982	3420
Loxodonta_africana	0	22	2	8	0.00706090026478376	2266
Loxodonta_africana	0	38	20	4	0.000664819944598339	22800
Loxodonta_africana	4	18	3	12	0.00706090026478376	3399
Loxodonta_africana	8	-6	6	19	0.0258336398862873	2654
Loxodonta_africana	8	14	9	64	0.0231968810916179	10260
Loxodonta_africana	12	-62	5	0	0	5663
Loxodonta_africana	12	14	26	61	0.0251282051282051	29640
Lynx_rufus	36	-118	23	1	0.00200178255059216	3920
Macaca_nemestrina	0	98	6	4	0.00235155790711346	3402
Macaca_nemestrina	0	102	4	2	0.00205761316872428	2268
Macaca_pagensis	-4	98	3	3	0.00352733686067019	1701
Macaca_pagensis	-4	102	8	6	0.00453514739229025	4536
Macaca_radiata	16	74	2	1	0.00248756218905473	804
Macaca_siberu	0	98	7	3	0.00235155790711346	3969
Macroglossus_sobrinus	4	102	14	10	0.00434449271658574	5477
Macrotarsomys_bastardi	-24	46	2	0	0	1830
Macrotarsomys_bastardi	-20	42	2	3	0.00263157894736842	2280
Macrotis_lagotis	-32	118	2	0	0	2292
Mandrillus_sphinx	44	-78	3	1	0.00141242937853107	1416
Marmosa_demerarae	-16	-50	3	0	0	2409
Marmosa_demerarae	-16	-38	4	9	0.00601909506019095	3212
Marmosa_demerarae	4	-58	2	13	0.0163111668757842	1597
Marmosa_demerarae	4	-54	10	22	0.00995942874325380	8002
Marmosa_murina	-20	-42	2	4	0.00508259212198221	1588
Marmosa_murina	-4	-74	2	3	0.00376411543287327	1617
Marmosa_murina	4	-54	22	41	0.00919042601894378	17502
Marmosa_paraguayanus	-20	-46	9	20	0.00720648935443878	7221
Marmosa_paraguayanus	-20	-42	2	16	0.0200501253132832	1599
Marmosa_paraguayanus	-16	-42	2	0	0	1604
Marmosops_incanus	-20	-42	4	77	0.0628808695537057	2753
Marmosops_parvidens	4	-58	4	26	0.0166584061979722	3403
Marmosops_parvidens	4	-54	5	26	0.00961920742931929	4524
Marmosops_pinheiroi	4	-58	2	8	0.00701754385964912	2280
Marmota_flaviventris	36	-118	3	1	0.00215401746876849	990
Marmota_flaviventris	40	-118	2	1	0.00294985250737463	681
Marmota_flaviventris	40	-114	7	2	0.00220519839726735	2341
Marmota_flaviventris	40	-110	3	1	0.00267737617135208	895
Martes_americana	36	-118	2	0	0	2280
Martes_americana	40	-122	18	7	0.00154798761609907	20520
Martes_americana	44	-122	7	0	0	5184
Martes_americana	44	-106	4	1	0	2463
Martes_americana	52	-134	4	0	0	2463
Martes_americana	52	-126	10	2	0.00163769211388259	5109
Martes_americana	56	-134	96	37	0.0130144143090519	47229
Martes_americana	56	-130	5	0	0	3603
Martes_americana	64	-150	41	6	0.00199104031856642	18081
Martes_flavigula	24	102	3	0	0	1944
Martes_foina	52	10	4	5	0.00829187396351576	1608
Martes_foina	56	10	3	9	0.00526315789473684	3420
Martes_martes	20	-102	9	5	0.00313547954393025	3190
Martes_martes	32	-98	5	1	0.00112676056338028	1775
Martes_martes	40	10	27	9	0.00494951891074854	9071
Martes_martes	56	10	3	3	0.00175438596491228	3420
Martes_melampus	36	130	29	0	0	33060
Martes_melampus	36	134	11	7	0.00156299840510367	12540
Martes_melampus	36	138	4	6	0.00263157894736842	4560
Martes_melampus	44	142	3	21	0.187500000000000	1364
Martes_pennanti	36	-118	6	1	0.000468762054652903	6831
Martes_pennanti	44	-114	4	1	0.000585952568316129	4554
Martes_pennanti	44	-90	2	0	0	2277
Martes_pennanti	48	-94	4	2	0.00117190513663226	4554
Martes_pennanti	52	-126	4	0	0	4554
Martes_zibellina	40	122	3	4	0.00233918128654971	3420
Martes_zibellina	44	134	9	27	0.00872319688109162	10260
Martes_zibellina	44	142	9	21	0	5718
Martes_zibellina	44	146	3	21	0.125000000000000	336
Martes_zibellina	48	134	6	13	0.00909470638032011	4237
Martes_zibellina	56	62	2	1	0.00138888888888889	1440
Martes_zibellina	60	150	10	12	0.00354938271604938	7200
Mastomys_coucha	-28	26	4	18	0.00811560543885745	4457
Mastomys_coucha	-24	30	10	6	0.00167174897177438	6266
Mastomys_coucha	-20	18	2	5	0.00446428571428571	2260
Mastomys_erythroleucus	8	-10	3	2	0.00116959064327485	3420
Mastomys_erythroleucus	8	-6	2	43	0.0387387387387387	2225
Mastomys_erythroleucus	8	2	2	12	0.0107816711590297	2253
Mastomys_erythroleucus	8	14	4	5	0.00301050843738882	4443
Mastomys_erythroleucus	12	-10	5	20	0.00773661850856261	5596
Mastomys_erythroleucus	12	-6	5	18	0.00717470539180711	5614
Mastomys_erythroleucus	12	-2	16	74	0.0243400503485277	17819
Mastomys_erythroleucus	12	2	5	28	0.0120091260420660	5552
Mastomys_erythroleucus	12	14	8	12	0.00420718108159471	8857
Mastomys_erythroleucus	12	18	2	6	0.00538599640933573	2228
Mastomys_erythroleucus	12	38	3	49	0.0293237582286056	3342
Mastomys_erythroleucus	16	-2	2	12	0.0108205590622182	2233
Mastomys_huberti	12	-14	2	0	0	2213
Mastomys_huberti	16	-6	3	7	0.00416311207880787	3379
Mastomys_kollmannspergeri	8	14	3	0	0	3345
Mastomys_kollmannspergeri	12	14	6	10	0.00354240039301502	6677
Mastomys_natalensis	-28	22	10	33	0.00735878072112144	11146
Mastomys_natalensis	-24	30	2	10	0.00959692898272553	2182
Mastomys_natalensis	-20	22	3	4	0.00249221183800623	3280
Mastomys_natalensis	-16	26	6	12	0.00601896919489553	4190
Mastomys_natalensis	-16	30	6	11	0.00618025022754971	4262
Mastomys_natalensis	-8	38	4	43	0.0192771551056247	4318
Mastomys_natalensis	-4	14	2	0	0	2280
Mastomys_natalensis	-4	22	5	14	0.00687763569906605	5553
Mastomys_natalensis	0	38	2	1	0.000877192982456140	2280
Mastomys_natalensis	4	18	6	6	0.00193676281098226	6821
Mastomys_natalensis	8	-10	3	11	0.00605191302136880	3338
Mastomys_natalensis	8	-6	13	16	0.00428601352177413	14430
Mastomys_natalensis	8	22	2	6	0.00548446069469835	2208
Mastomys_natalensis	12	-6	5	11	0.00403508771929825	5700
Mastomys_natalensis	12	-2	6	16	0.00586153131901898	6689
Mastomys_natalensis	12	14	3	10	0.00614042229821419	3287
Maxomys_surifer	-4	106	3	7	0.00576551112250681	2437
Maxomys_surifer	8	98	2	0	0	1493
Maxomys_surifer	12	106	3	10	0.00814995925020375	2776
Maxomys_surifer	16	102	2	0	0	2218
Maxomys_surifer	24	106	2	3	0.00366748166259169	1636
Maxomys_whiteheadi	4	98	2	41	0.0501222493887531	1636
Megaerops_wetmorei	4	114	2	4	0.0101265822784810	790
Megaloglossus_woermanni	-4	14	3	17	0.00994152046783626	3420
Megaloglossus_woermanni	-4	22	3	15	0.00877192982456141	3420
Megaloglossus_woermanni	0	14	2	4	0.00350877192982456	2280
Megaloglossus_woermanni	4	14	4	13	0.00614035087719298	4560
Meles_anakuma	36	138	3	3	0.00175438596491228	3420
Meles_meles	36	26	2	1	0.000877192982456140	2280
Melonycteris_fardoulisi	-12	162	3	1	0.00217155266015201	921
Melonycteris_fardoulisi	-8	158	11	4	0.00236896653834765	3377
Melonycteris_fardoulisi	-8	162	10	23	0.0368440101339124	3070
Melonycteris_melanops	-8	150	4	2	0.00325732899022801	1228
Melonycteris_melanops	-4	150	4	2	0.00325732899022801	1228
Melonycteris_woodfordi	-8	158	9	4	0.00343829171190735	2763
Mephitis_mephitis	32	-98	43	18	0.00498615264702798	25843
Mephitis_mephitis	32	-94	19	1	0.000583822284496599	11419
Mephitis_mephitis	32	-82	16	14	0.00428452579034941	9616
Mephitis_mephitis	36	-118	12	3	0.000907578278626531	6777
Mephitis_mephitis	36	-110	5	11	0.00415973377703827	3164
Mephitis_mephitis	36	-106	19	11	0.00435920639090794	11419
Mephitis_mephitis	36	-78	5	3	0.00299500831946755	3005
Mephitis_mephitis	40	-118	4	0	0	2404
Mephitis_mephitis	40	-98	9	10	0.00804215196894065	5409
Mephitis_mephitis	40	-90	17	27	0.0158069883527454	10217
Mephitis_mephitis	40	-86	15	17	0.0128040567308454	9015
Mephitis_mephitis	40	-82	17	6	0.00335225604384849	10217
Mephitis_mephitis	44	-122	9	2	0.00184877056757256	5409
Mephitis_mephitis	44	-106	17	15	0.0103014583537242	10217
Mephitis_mephitis	44	-86	13	17	0.0140790989376680	7813
Mephitis_mephitis	44	-74	5	16	0.0119800332778702	3005
Mephitis_mephitis	44	-70	15	15	0.00618017589731400	9015
Mephitis_mephitis	48	-110	13	14	0.00721020521353300	7813
Mephitis_mephitis	48	-102	6	11	0.00654464780920688	3606
Meriones_libycus	32	6	3	9	0.00540540540540541	3330
Meriones_libycus	32	10	5	24	0.00864864864864865	5550
Meriones_tamariscinus	44	82	2	34	0.0307971014492754	2217
Mesophylla_macconnelli	0	-78	5	24	0.0109649122807018	4961
Metachirus_nudicaudatus	-20	-42	4	12	0.00761348183590218	3159
Microcavia_niata	-16	-66	2	0	0	2280
Microcebus_berthae	-20	42	10	2	0.000623781676413255	11400
Microcebus_griseorufus	-24	46	10	21	0.00580896686159844	11400
Microcebus_griseorufus	-20	46	11	1	0.000159489633173844	12540
Microcebus_murinus	-24	46	13	2	0.000265839392959212	13986
Microcebus_murinus	-20	42	6	18	0.00842403051820361	6839
Microcebus_murinus	-20	46	14	37	0.00670908039329092	15960
Microcebus_murinus	-16	50	12	34	0.0120281765018607	13680
Microcebus_myoxinus	-20	42	2	0	0	2280
Microcebus_myoxinus	-20	46	19	22	0.00636683599906430	21659
Microcebus_myoxinus	-16	46	2	3	0.00977198697068404	614
Microcebus_ravelobensis	-16	46	13	7	0.00158427420342387	13154
Microcebus_rufus	-24	46	26	51	0.00384885290148448	29640
Microcebus_rufus	-20	50	2	0	0	2280
Microcebus_sambiranensis	-16	46	9	0	0	10260
Microcebus_sambiranensis	-12	50	3	61	0.0356725146198830	3420
Microcebus_tavaratra	-12	50	12	9	0.00268001446338326	12845
Microdipodops_megacephalus	36	-118	13	15	0.0132145238528217	5499
Microdipodops_megacephalus	36	-114	15	33	0.0302564717115164	6185
Microdipodops_megacephalus	40	-122	5	1	0.00148883374689826	2015
Microdipodops_megacephalus	40	-118	68	64	0.0476636343310073	28344
Microdipodops_megacephalus	40	-114	40	46	0.0370114590351115	16480
Microdipodops_megacephalus	44	-122	11	12	0.00524115555000936	4633
Microdipodops_megacephalus	44	-118	11	28	0.0260760820815728	4613
Microdipodops_pallidus	36	-118	25	36	0.0226477541371158	10575
Microdipodops_pallidus	36	-114	7	5	0.00607902735562310	2961
Microdipodops_pallidus	40	-118	50	38	0.0343841366333764	21150
Microdipodops_pallidus	40	-114	9	5	0.00577882847386394	3807
Micromys_minutus	24	102	4	1	0.000437062937062937	4576
Micromys_minutus	24	122	6	2	0.000760233918128655	6840
Micromys_minutus	32	130	6	4	0.00210526315789474	6840
Micromys_minutus	36	126	4	5	0.00219298245614035	4560
Micromys_minutus	36	130	4	2	0.000877192982456140	4560
Micromys_minutus	36	134	12	3	0.000717703349282297	13680
Micromys_minutus	36	138	7	2	0.000751879699248120	7980
Micromys_minutus	40	142	3	1	0.000584795321637427	3420
Micromys_minutus	44	130	2	9	0.00789473684210526	2283
Micromys_minutus	48	6	4	5	0.00219298245614035	4560
Micromys_minutus	48	10	2	6	0.00526315789473684	2280
Micromys_minutus	52	10	2	1	0.000877192982456140	2280
Micromys_minutus	56	82	8	8	0.00216165413533835	9120
Micronycteris_hirsuta	12	-62	2	4	0.00350877192982456	2280
Micronycteris_megalotis	0	-78	2	4	0.00997506234413965	802
Micropteropus_pusillus	4	18	20	39	0.00755309325946444	22800
Micropteropus_pusillus	8	18	54	93	0.00868733679061384	61560
Micropteropus_pusillus	8	22	22	52	0.00945925419609629	25080
Microtus_abbreviatus	60	-174	13	3	0.000746990208697203	14761
Microtus_agrestis	48	-2	2	6	0.00526315789473684	2280
Microtus_agrestis	48	22	2	4	0.00350877192982456	2280
Microtus_agrestis	52	-6	14	35	0.00696934644303066	15960
Microtus_agrestis	52	-2	33	56	0.00544092238171178	37620
Microtus_agrestis	52	2	6	21	0.00900584795321637	6840
Microtus_agrestis	52	14	12	28	0.00663211057947901	13680
Microtus_agrestis	52	18	24	58	0.00883231629799134	27360
Microtus_agrestis	52	22	29	62	0.00807190389767519	33060
Microtus_agrestis	52	86	3	14	0.00818713450292398	3420
Microtus_agrestis	56	-6	46	73	0.00667598949063473	52440
Microtus_agrestis	56	-2	14	36	0.00663816133740946	15660
Microtus_agrestis	56	10	7	11	0.00309106098579783	7980
Microtus_agrestis	56	18	4	6	0.00277777777777778	4560
Microtus_agrestis	56	22	5	28	0.0107017543859649	5700
Microtus_agrestis	60	-6	5	16	0.00631578947368421	5700
Microtus_agrestis	60	6	11	25	0.00564593301435407	12540
Microtus_agrestis	60	10	3	7	0.00409356725146199	3420
Microtus_agrestis	64	10	2	6	0.00526315789473684	2280
Microtus_agrestis	68	30	2	4	0.00350877192982456	2280
Microtus_agrestis	72	26	4	16	0.00716374269005848	4560
Microtus_arvalis	44	-6	7	6	0.00200501253132832	7980
Microtus_arvalis	44	-2	15	24	0.00917293233082706	17100
Microtus_arvalis	44	2	19	50	0.0105468349235662	21660
Microtus_arvalis	44	6	5	18	0.00894736842105263	5700
Microtus_arvalis	48	-2	24	33	0.00946796338672767	27360
Microtus_arvalis	48	2	27	37	0.0101989303743690	30780
Microtus_arvalis	48	6	25	68	0.00897076023391809	28500
Microtus_arvalis	48	10	9	0	0	10260
Microtus_arvalis	48	18	5	12	0.00456140350877193	5700
Microtus_arvalis	52	2	27	8	0.00133953116409257	30780
Microtus_arvalis	52	6	16	34	0.0113230994152047	18240
Microtus_arvalis	52	10	2	3	0.00263157894736842	2280
Microtus_arvalis	56	-2	7	1	0.000250626566416040	7980
Microtus_arvalis	60	-2	58	23	0.00332781439381876	66120
Microtus_californicus	36	-122	11	11	0.00236133028661844	12537
Microtus_fortis	24	110	20	17	0.00433979686057248	22800
Microtus_fortis	28	114	19	12	0.00153893505694060	21660
Microtus_fortis	28	118	20	22	0.00695290858725760	22800
Microtus_fortis	36	122	4	0	0	4560
Microtus_fortis	40	106	20	12	0.00126038781163435	22800
Microtus_fortis	44	126	4	12	0.00661471942267015	4548
Microtus_fortis	48	134	3	2	0.00116959064327485	3420
Microtus_gregalis	52	58	4	21	0.0227765726681128	1844
Microtus_gregalis	52	82	2	0	0	2280
Microtus_guentheri	32	34	2	5	0.00444444444444444	2263
Microtus_miurus	60	-154	2	6	0.00526315789473684	2280
Microtus_miurus	60	-150	13	28	0.0104880879432876	14738
Microtus_miurus	64	-166	10	11	0.00344318492482686	11332
Microtus_miurus	64	-154	2	5	0.00446428571428571	2260
Microtus_miurus	64	-150	8	5	0.00195209597386638	9098
Microtus_miurus	68	-162	3	1	0.000584795321637427	3420
Microtus_miurus	68	-154	19	16	0.00377823830947247	21579
Microtus_miurus	68	-150	4	7	0.00380116959064327	4560
Microtus_miurus	68	-146	8	22	0.00824917521686253	9099
Microtus_ochrogaster	40	-86	2	0	0	2153
Microtus_oeconomus	56	62	4	8	0.00350877192982456	4560
Microtus_oeconomus	60	150	4	13	0.00570175438596491	4560
Microtus_richardsoni	44	-122	7	7	0.00484477592911328	5229
Microtus_richardsoni	44	-118	4	4	0.00267737617135208	2988
Microtus_richardsoni	44	-114	7	8	0.00395231720532925	5229
Microtus_richardsoni	44	-106	9	0	0	6723
Microtus_richardsoni	48	-122	6	4	0.00240963855421687	4482
Microtus_richardsoni	48	-118	7	10	0.00611971696309046	5229
Microtus_richardsoni	48	-114	5	10	0.00589022757697456	3735
Microtus_richardsoni	52	-122	5	0	0	3735
Microtus_subterraneus	40	22	2	1	0.000877192982456140	2280
Microtus_subterraneus	40	34	4	23	0.0102339181286550	4560
Microtus_subterraneus	40	38	3	1	0.000584795321637427	3420
Microtus_subterraneus	44	18	2	1	0.000877192982456140	2280
Microtus_subterraneus	48	6	2	1	0.000877192982456140	2280
Microtus_subterraneus	48	10	3	5	0.00292397660818713	3420
Microtus_subterraneus	48	14	2	28	0.0245614035087719	2280
Microtus_subterraneus	48	18	5	48	0.0238596491228070	5700
Microtus_subterraneus	52	2	3	5	0.00292397660818713	3420
Microtus_subterraneus	52	6	7	13	0.00375939849624060	7980
Microtus_subterraneus	52	22	2	0	0	2280
Miniopterus_fraterculus	-28	22	2	2	0.00483091787439614	828
Miniopterus_natalensis	-32	18	5	0	0	585
Miniopterus_natalensis	-32	26	9	0	0	1053
Miniopterus_natalensis	-28	22	15	8	0.00479436616286225	2943
Miniopterus_natalensis	-28	26	3	3	0.0170940170940171	351
Miniopterus_natalensis	-28	30	13	2	0.00262984878369494	1521
Miniopterus_schreibersii	32	-10	2	2	0.00374531835205993	1068
Miniopterus_schreibersii	36	10	2	8	0.0149812734082397	1068
Miniopterus_schreibersii	36	34	3	22	0.0274656679151061	1602
Miniopterus_schreibersii	40	22	6	7	0.00511860174781523	3204
Miniopterus_schreibersii	40	26	2	0	0	116
Miniopterus_schreibersii	40	34	3	0	0	174
Miniopterus_schreibersii	44	-2	2	3	0.00561797752808989	1068
Miniopterus_schreibersii	44	6	4	5	0.00468164794007491	2136
Miniopterus_schreibersii	44	18	2	3	0.00561797752808989	1068
Miniopterus_schreibersii	44	22	3	1	0.00124843945068664	1602
Miniopterus_schreibersii	48	14	2	1	0.00187265917602996	1068
Miniopterus_schreibersii	48	22	7	2	0.00107009095773141	3738
Mirza_coquereli	-20	42	5	12	0.00438596491228070	5700
Mirza_coquereli	-20	46	5	2	0.00704225352112676	1708
Mogera_imaizumii	36	138	7	79	0.0294903926482874	7980
Mogera_imaizumii	40	142	26	46	0.00800269905533063	29640
Mogera_insularis	24	122	3	5	0.00292397660818713	3420
Mogera_wogura	32	130	8	14	0.00322681704260652	9120
Mogera_wogura	36	130	4	59	0.0260233918128655	4560
Mogera_wogura	36	134	7	60	0.0225563909774436	7980
Mogera_wogura	36	138	3	4	0.00233918128654971	3420
Mogera_wogura	40	122	3	1	0.000584795321637427	3420
Monodelphis_adusta	-4	-74	6	8	0.00356372023038690	4198
Monodelphis_adusta	0	-78	2	0	0	1236
Monodelphis_americana	-20	-42	6	4	0.00200608446294382	4791
Monodelphis_brevicaudata	4	-54	3	9	0.00750000000000000	2410
Monodelphis_brevicaudata	8	-62	4	5	0.00312761069340017	3198
Monodelphis_dimidiata	-32	-62	2	1	0.00123456790123457	1632
Monodelphis_dimidiata	-28	-54	2	3	0.00374531835205993	1611
Monodelphis_domestica	-20	-66	4	7	0.00475794146206131	3231
Monodelphis_domestica	-16	-62	2	10	0.0124378109452736	1614
Monodelphis_emiliae	-8	-70	2	2	0.00248447204968944	1610
Monodelphis_glirina	-12	-66	3	1	0.000823045267489712	2442
Monodelphis_glirina	-12	-58	2	1	0.00128865979381443	1606
Monodelphis_kunsi	-24	-66	3	4	0.00205329418812565	2520
Monodelphis_osgoodi	-16	-70	2	1	0.00153609831029186	1458
Monodelphis_osgoodi	-16	-66	5	2	0.00121631057114928	3432
Monodelphis_theresa	-24	-46	3	30	0.0249392860913907	2409
Moschus_berezovskii	32	102	4	0	0	4554
Murina_puta	24	122	212	109	0.00534520170124310	163089
Mus_callewaerti	-8	38	2	0	0	1112
Mus_caroli	-8	110	6	40	0.0161988304093567	6840
Mus_caroli	12	106	5	31	0.0142105263157895	5700
Mus_caroli	16	98	3	36	0.0210526315789474	3420
Mus_caroli	16	102	3	19	0.0111111111111111	3420
Mus_caroli	20	102	6	36	0.0167251461988304	6840
Mus_caroli	20	110	2	7	0.00614035087719298	2280
Mus_caroli	24	122	7	164	0.0427318295739349	7980
Mus_caroli	28	126	6	158	0.0463742690058480	6840
Mus_caroli	36	122	2	3	0.00263157894736842	2280
Mus_cervicolor	16	102	3	15	0.00877192982456140	3420
Mus_cookii	20	102	2	2	0.00175438596491228	2280
Mus_fragilicauda	16	106	2	0	0	2280
Mus_haussa	12	2	2	7	0.00614035087719298	2280
Mus_indutus	-28	22	2	0	0	2280
Mus_indutus	-20	22	5	23	0.00842105263157895	5700
Mus_minutoides	-32	18	2	35	0.0387596899224806	2043
Mus_minutoides	-28	22	3	46	0.00359712230215827	2252
Mus_minutoides	-24	30	2	44	0.0385964912280702	2280
Mus_minutoides	-20	22	7	63	0.0271929824561404	7396
Mus_minutoides	8	-6	43	25	0.00603331738900455	31878
Mus_musculoides	12	-10	2	13	0.0114035087719298	2280
Mus_setulosus	8	-6	14	60	0.0205206055575768	11458
Mus_setulosus	8	22	2	52	0.0698924731182796	1884
Mustela_erminea	-44	174	5	0	0	1277
Mustela_erminea	36	138	2	1	0.00248756218905473	804
Mustela_erminea	44	-62	7	1	0.000501253132832080	7980
Mustela_erminea	44	-6	3	6	0.00350877192982456	3420
Mustela_erminea	48	6	3	5	0.00292397660818713	3420
Mustela_erminea	48	14	2	0	0	2280
Mustela_erminea	48	18	4	8	0.00365497076023392	4560
Mustela_erminea	52	-10	23	9	0.00159489633173844	26220
Mustela_erminea	52	-6	19	13	0.00166204986149585	21660
Mustela_erminea	52	-2	11	0	0	12540
Mustela_erminea	52	2	19	2	0.000718169693238947	21660
Mustela_erminea	52	6	9	8	0.00194931773879142	10260
Mustela_erminea	52	22	7	7	0.00233918128654971	7980
Mustela_erminea	56	-10	2	1	0.000877192982456140	2280
Mustela_erminea	56	-6	20	8	0.00271929824561404	22800
Mustela_erminea	56	-2	10	1	0.000175438596491228	11400
Mustela_erminea	56	38	4	3	0.00131578947368421	4560
Mustela_erminea	56	82	3	1	0.00248756218905473	1936
Mustela_erminea	56	86	2	2	0.00175438596491228	2280
Mustela_erminea	60	10	3	0	0	3420
Mustela_erminea	64	26	5	4	0.00175438596491228	5700
Mustela_erminea	68	18	2	0	0	2280
Mustela_erminea	68	30	2	1	0.000877192982456140	2280
Mustela_nivalis	32	-10	3	5	0.00292397660818713	3420
Mustela_nivalis	36	14	3	1	0.000584795321637427	3420
Mustela_nivalis	40	2	2	19	0.0166666666666667	2280
Mustela_nivalis	40	10	2	9	0.00789473684210526	2280
Mustela_nivalis	40	18	2	0	0	2280
Mustela_nivalis	44	2	2	1	0.000877192982456140	2280
Mustela_nivalis	44	10	7	20	0.00969089390142022	7980
Mustela_nivalis	44	22	3	12	0.00701754385964912	3420
Mustela_nivalis	52	10	3	2	0.00116959064327485	3420
Mustela_nivalis	52	22	4	22	0.0114220410180381	4556
Mustela_nivalis	56	-2	2	0	0	2280
Mustela_nivalis	56	10	4	2	0.00102339181286550	4560
Mustela_sibirica	36	138	3	5	0.0124378109452736	1944
Myodes_andersoni	36	138	3	42	0.0245614035087719	3420
Myodes_glareolus	16	122	11	13	0.00366494436799710	11949
Myodes_glareolus	32	-118	3	3	0.00190839694656489	3144
Myodes_glareolus	32	38	2	5	0.00466853408029879	2142
Myodes_glareolus	40	14	11	52	0.0236039514615033	10828
Myodes_glareolus	40	18	11	17	0.00581134706256435	10742
Myodes_glareolus	40	22	4	23	0.0120717803505635	4074
Myodes_glareolus	40	26	2	0	0	2082
Myodes_glareolus	44	-2	3	12	0.00767143989569648	3046
Myodes_glareolus	44	2	11	35	0.0125522794458006	11382
Myodes_glareolus	44	6	7	28	0.0113333705563080	6887
Myodes_glareolus	44	10	5	32	0.0149390674678221	4857
Myodes_glareolus	44	14	19	36	0.00727519341825882	19309
Myodes_glareolus	44	18	6	5	0.00157464898257358	6366
Myodes_glareolus	44	22	27	51	0.0107525018232326	28397
Myodes_glareolus	44	26	11	25	0.00927308338299013	11488
Myodes_glareolus	48	-10	8	11	0.00491333839112650	5701
Myodes_glareolus	48	-2	7	9	0.00408942202835333	7336
Myodes_glareolus	48	6	5	10	0.00432418963916008	5166
Myodes_glareolus	48	10	43	82	0.00946581248937965	43754
Myodes_glareolus	48	14	24	54	0.00772924064607475	25211
Myodes_glareolus	48	18	27	53	0.00797171966382189	28002
Myodes_glareolus	48	22	36	67	0.00962313342015205	37565
Myodes_glareolus	48	26	7	27	0.0107985202089592	7215
Myodes_glareolus	52	-10	2	5	0.00701262272089762	1784
Myodes_glareolus	52	-6	14	28	0.00672063697273780	14994
Myodes_glareolus	52	-2	28	52	0.00731897697350543	29988
Myodes_glareolus	52	2	10	26	0.00748485436292423	10501
Myodes_glareolus	52	6	14	13	0.00298769493672673	14890
Myodes_glareolus	52	10	4	19	0.00920517752422769	4059
Myodes_glareolus	52	14	21	41	0.00803400913694963	23320
Myodes_glareolus	52	18	31	43	0.00545303275054596	34857
Myodes_glareolus	52	22	26	47	0.00648616326176493	28472
Myodes_glareolus	52	30	2	3	0.00280112044817927	2142
Myodes_glareolus	52	90	2	0	0	1732
Myodes_glareolus	56	-6	26	44	0.00685507379034035	26769
Myodes_glareolus	56	-2	13	25	0.00408367585164666	13741
Myodes_glareolus	56	10	13	12	0.00281366216480720	13624
Myodes_glareolus	56	14	6	4	0.00181634712411705	5946
Myodes_glareolus	56	18	2	5	0.00438596491228070	2280
Myodes_glareolus	56	22	7	27	0.0142064563117195	6870
Myodes_glareolus	56	26	8	35	0.0191766008652700	6440
Myodes_glareolus	56	30	3	14	0.0107775211701309	2598
Myodes_glareolus	56	46	14	15	0.00323195925765101	15303
Myodes_glareolus	56	54	4	7	0.00324374420759963	4316
Myodes_glareolus	56	62	11	68	0.0377913079991602	9526
Myodes_glareolus	56	74	12	12	0.00242975068880362	13032
Myodes_glareolus	56	82	4	92	0.0541627978953884	4308
Myodes_glareolus	56	86	3	0	0	2598
Myodes_glareolus	60	10	6	4	0.00174907500840901	5946
Myodes_glareolus	60	18	2	3	0.00288739172281039	2078
Myodes_glareolus	60	26	3	6	0.00402414486921529	2982
Myodes_glareolus	60	30	2	5	0.00577367205542725	1732
Myodes_glareolus	64	18	8	86	0.0217940220403409	8204
Myodes_glareolus	64	22	11	78	0.0262164676897270	11015
Myodes_glareolus	64	26	8	86	0.0437262899019541	8059
Myodes_glareolus	64	30	5	80	0.0327871676462652	5167
Myodes_glareolus	64	34	19	75	0.0407060761989655	16454
Myodes_glareolus	64	42	18	77	0.0402949478482694	15588
Myodes_glareolus	64	54	9	12	0.00596612779060816	7794
Myodes_glareolus	68	18	10	14	0.00372505359850937	10228
Myodes_glareolus	68	26	5	7	0.00282268789325255	5021
Myodes_glareolus	68	34	4	2	0.00153964588144727	3464
Myodes_regulus	36	126	8	8	0.00655795817086140	3224
Myodes_rex	44	142	10	14	0.00495126705653022	11400
Myodes_rufocanus	44	142	21	34	0.00652033314323320	22601
Myodes_rufocanus	44	146	5	13	0.00507001998769835	5191
Myodes_rufocanus	48	134	41	55	0.00570760265341029	36292
Myodes_rufocanus	52	106	8	21	0.00748965436847934	7505
Myodes_rufocanus	52	114	10	13	0.00552155582755338	8170
Myodes_rufocanus	52	142	15	48	0.0166812379786676	12255
Myodes_rufocanus	56	62	4	1	0.000815993472052224	3268
Myodes_rufocanus	56	70	3	4	0.00326397388820889	2451
Myodes_rufocanus	56	74	5	4	0.00148560817084494	5448
Myodes_rufocanus	56	94	30	43	0.0176423416198878	24510
Myodes_rufocanus	60	98	36	42	0.00632394940840470	29412
Myodes_rufocanus	60	150	21	21	0.00463327812940736	17099
Myodes_rufocanus	68	22	2	0	0	2184
Myodes_rufocanus	68	34	13	7	0.00185399939545433	10670
Myodes_rutilus	44	142	4	8	0.00365497076023392	4560
Myodes_rutilus	44	146	3	13	0.00760233918128655	3420
Myodes_rutilus	56	62	3	5	0.00384911470361817	2598
Myodes_rutilus	56	66	2	4	0.00350877192982456	2280
Myodes_rutilus	56	82	2	8	0.00701754385964912	2280
Myodes_rutilus	60	150	60	55	0.00523649203371413	46678
Myodes_rutilus	64	42	7	11	0.00362916529198284	6062
Myodes_rutilus	64	50	3	3	0.00263504611330698	2277
Myodes_rutilus	64	54	5	4	0.00254041570438799	4330
Myodes_rutilus	64	154	6	23	0.0110671936758893	4554
Myomyscus_verreauxii	-32	18	2	2	0.00175438596491228	2280
Myonycteris_angolensis	-4	22	3	14	0.00818713450292398	3420
Myonycteris_angolensis	8	-6	13	4	0.000652271704903284	14820
Myonycteris_torquata	-12	26	4	18	0.00818713450292398	4560
Myonycteris_torquata	-4	18	20	55	0.00777469990766390	22800
Myonycteris_torquata	0	14	30	60	0.00598104456543655	34200
Myonycteris_torquata	4	14	9	30	0.00701754385964912	10260
Myoprocta_acouchy	4	-54	2	3	0.00263620386643234	2278
Myotis_adversus	-8	126	2	5	0.00459136822773186	2178
Myotis_adversus	40	122	2	2	0.00183654729109275	2178
Myotis_californicus	32	-98	4	13	0.00879507475813545	3032
Myotis_californicus	36	-118	2	9	0.0118733509234828	1516
Myotis_californicus	36	-110	2	1	0.00131926121372032	1516
Myotis_californicus	36	-106	2	23	0.0303430079155673	1516
Myotis_ciliolabrum	36	-110	3	4	0.00351802990325418	2274
Myotis_ciliolabrum	36	-106	3	23	0.0202286719437115	2274
Myotis_daubentonii	56	-2	3	6	0.0123456790123457	972
Myotis_ikonnikovi	44	142	6	23	0.0116190476190476	4200
Myotis_lucifugus	36	-106	5	18	0.0126126126126126	3885
Myotis_lucifugus	40	-106	3	0	0	2331
Myotis_lucifugus	44	-106	4	5	0.00321750321750322	3108
Myotis_nattereri	44	2	8	6	0.00173029104238789	8747
Myotis_nattereri	44	6	2	0	0	1623
Myotis_nattereri	44	10	2	1	0.00123152709359606	1952
Myotis_nattereri	48	2	5	2	0.000717525037891171	5050
Myotis_nattereri	48	6	2	0	0	1946
Myotis_nattereri	52	-2	11	5	0.00272118352096539	3743
Myotis_nattereri	56	-2	5	0	0	3500
Myotis_pilosus	40	118	2	0	0	2229
Myotis_septentrionalis	48	-62	4	0	0	2876
Myrmecobius_fasciatus	-36	118	2	0	0	2292
Myzopoda_aurita	-20	46	6	27	0.00893383989109662	6550
Myzopoda_aurita	-20	50	4	2	0.000740031203047263	4500
Nasua_nasua	-16	-46	2	1	0.00237529691211401	842
Neacomys_spinosus	-4	-78	2	20	0.0249687890137328	1941
Necromys_lasiurus	-28	-58	6	5	0.00332917186849771	4806
Nectogale_elegans	36	122	4	11	0.00482456140350877	4560
Nectomys_squamipes	-24	-46	2	0	0	2237
Neodon_irene	24	102	2	0	0	2280
Neodon_irene	32	102	2	0	0	2286
Neomys_anomalus	48	6	2	5	0.00438596491228070	2280
Neotetracus_sinensis	28	106	2	0	0	2282
Neotoma_albigula	36	-110	2	9	0.0400000000000000	451
Neotoma_fuscipes	36	-122	5	82	0.0449889377808732	3672
Neotoma_fuscipes	36	-118	5	43	0.0265108071535676	3699
Neotoma_fuscipes	40	-122	2	9	0.0122116689280868	1477
Neotoma_magister	36	-82	12	7	0.0135665250081726	2424
Neotoma_magister	40	-78	18	12	0.0152886478771524	4020
Neotoma_micropus	28	-98	2	2	0.00175438596491228	2280
Neotoma_micropus	32	-106	4	12	0.00687134502923977	4560
Neotoma_micropus	32	-102	8	11	0.00407268170426065	9120
Neotoma_micropus	36	-102	7	17	0.00609857978279031	7980
Nesoryzomys_swarthi	0	-90	2	1	0.000904977375565611	2245
Niviventer_confucianus	24	102	2	2	0.00175438596491228	2280
Niviventer_fulvescens	16	102	6	23	0.0107234130092494	6196
Niviventer_fulvescens	20	106	9	192	0.0425696229249699	9905
Niviventer_fulvescens	24	102	7	15	0.00668045023699698	6171
Niviventer_langbianis	16	106	4	139	0.0824674428026921	4177
Niviventer_niviventer	24	102	5	36	0.0214675831373837	3906
Notiosorex_crawfordi	28	-114	2	18	0.0157894736842105	2280
Nycticebus_bengalensis	36	138	2	0	0	2280
Nyctomys_sumichrasti	-12	-38	2	3	0.00263157894736842	2280
Ochotona_collaris	60	-138	16	10	0.00310392501791728	18227
Ochotona_collaris	64	-146	2	0	0	2280
Ochotona_collaris	64	-142	2	10	0.00877192982456140	2280
Ochotona_hyperborea	60	150	3	6	0.00350877192982456	3420
Ochotona_hyperborea	68	170	2	12	0.0105263157894737	2280
Ochotona_nubrica	32	78	2	0	0	2280
Ochotona_roylei	32	78	11	54	0.0256613756613756	6180
Oecomys_paricola	0	-50	12	33	0.0195663889234341	8772
Oecomys_rutilus	4	-54	2	3	0.00318809776833156	1882
Oligoryzomys_chacoensis	-28	-58	2	7	0.00873907615480649	1602
Oligoryzomys_flavescens	-24	-46	3	12	0.00703605980650836	3414
Oligoryzomys_fulvescens	8	-82	2	59	0.0785619174434088	1570
Oligoryzomys_fulvescens	8	-78	2	0	0	2280
Oligoryzomys_longicaudatus	-40	-74	2	17	0.0186199342825849	1826
Oligoryzomys_longicaudatus	-32	-70	3	17	0.0124132895217233	2739
Oligoryzomys_microtis	-4	-58	2	11	0.0157367668097282	1746
Oligoryzomys_stramineus	-16	-50	2	0	0	2280
Oreoryzomys_balneator	-8	-78	2	1	0.000962463907603465	2179
Oryx_gazella	-28	22	4	0	0	4554
Oryzomys_couesi	8	-82	2	2	0.00175438596491228	2280
Oryzomys_couesi	12	-90	3	6	0.00350877192982456	3420
Oryzomys_couesi	12	-86	2	0	0	2280
Oryzomys_couesi	16	-90	9	36	0.0109649122807018	10260
Oryzomys_couesi	16	-86	2	11	0.00964912280701754	2280
Oryzomys_couesi	20	-94	4	8	0.00409356725146199	4560
Oryzomys_couesi	28	-98	2	4	0.00350877192982456	2280
Oryzomys_palustris	24	-82	32	39	0.00418435200905487	36480
Oryzomys_palustris	28	-86	5	5	0.00228070175438596	5700
Oryzomys_palustris	28	-82	22	26	0.00612516138831926	25080
Oryzomys_palustris	32	-86	4	7	0.00409356725146199	4560
Oryzomys_palustris	32	-82	2	4	0.00350877192982456	2280
Oryzomys_palustris	36	-86	3	3	0.00175438596491228	3420
Oryzomys_palustris	36	-78	16	15	0.00456140350877194	18240
Oryzomys_palustris	36	-74	6	11	0.00426900584795322	6840
Oryzomys_palustris	40	-74	2	0	0	2280
Otomops_martiensseni	-28	22	17	41	0.00894949613311462	17068
Otomys_angoniensis	-28	22	2	5	0.00438596491228070	2280
Otomys_denti	-28	22	10	158	0.0645001056859015	11090
Otomys_irroratus	-32	18	3	29	0.0169590643274854	3420
Otomys_irroratus	-32	26	4	78	0.0438596491228070	4560
Otomys_irroratus	-28	22	2	12	0.0105263157894737	2280
Otomys_lacustris	-28	22	8	120	0.0410540851249389	9118
Otomys_sloggetti	-28	30	2	3	0.00276752767527675	2224
Otonycteris_hemprichii	28	34	2	0	0	2254
Otopteropus_cartilagonodus	16	122	24	29	0.0154358411763574	18072
Ovis_ammon	32	86	2	7	0.00614035087719298	2280
Paguma_larvata	20	106	2	3	0.00535714285714286	1120
Panthera_leo	-28	30	4	9	0.00394736842105263	4560
Panthera_leo	8	14	2	1	0.000877192982456140	2280
Panthera_leo	8	22	2	1	0.000951474785918173	2102
Panthera_leo	12	14	5	0	0	5700
Panthera_leo	56	-2	2	3	0.00285442435775452	2102
Panthera_tigris	16	98	2	0	0	1369
Panthera_tigris	20	102	13	0	0	7475
Panthera_tigris	28	106	3	54	0.0590163934426229	1830
Panthera_tigris	44	130	9	0	0	6346
Pan_troglodytes	-4	22	2	4	0.00350569675723050	2282
Papio_cynocephalus	-28	22	2	0	0	2282
Papio_ursinus	-8	38	2	0	0	2282
Pappogeomys_bulleri	20	-106	13	128	0.0436100332242766	13143
Pappogeomys_bulleri	20	-102	5	111	0.0501483679525223	5055
Paradoxurus_hermaphroditus	-8	110	5	12	0.0105956662533576	2779
Paradoxurus_hermaphroditus	-4	106	2	0	0	1741
Paradoxurus_hermaphroditus	0	102	4	28	0.0212631634758666	2941
Paradoxurus_hermaphroditus	4	102	12	17	0.00513753133073749	9596
Paradoxurus_hermaphroditus	4	118	4	6	0.00903614457831325	1328
Parascaptor_leucura	24	98	2	3	0.00263157894736842	2280
Parascaptor_leucura	24	102	4	139	0.0621345029239766	4560
Paruromys_dominator	-4	122	3	52	0.0311907085105852	3292
Pecari_tajacu	4	-74	6	0	0	4792
Pecari_tajacu	4	-70	11	3	0.00106430613600231	8771
Pecari_tajacu	8	-74	23	73	0.0237600137134868	18450
Pecari_tajacu	8	-70	13	29	0.0105474772276467	10370
Perognathus_longimembris	32	-118	5	27	0.0160493827160494	4050
Perognathus_longimembris	36	-118	4	21	0.0147360126083530	2466
Peromyscus_beatae	16	-98	29	36	0.00767532255134732	32537
Peromyscus_californicus	32	-118	2	6	0.00526315789473684	2280
Peromyscus_keeni	52	-126	10	8	0.00710317460317460	5600
Peromyscus_keeni	56	-134	166	40	0.00570553331795808	92954
Peromyscus_keeni	56	-130	28	13	0.00582955404383979	15680
Peromyscus_keeni	60	-146	10	6	0.00380952380952381	5600
Peromyscus_keeni	60	-138	2	0	0	1120
Peromyscus_keeni	60	-134	21	9	0.00353741496598639	11760
Peromyscus_keeni	64	-134	6	4	0.00238265610358634	3359
Peromyscus_maniculatus	44	-114	4	6	0.00565476190476191	2240
Peromyscus_melanotis	32	-110	13	1	0.000432152117545376	13884
Peromyscus_polionotus	28	-82	12	19	0.00514021206738791	13512
Petaurus_gracilis	-20	146	2	5	0.0126582278481013	792
Petaurus_norfolcensis	-36	142	8	7	0.00665707088880892	3176
Petaurus_norfolcensis	-36	146	38	14	0.00929804257392736	15086
Petaurus_norfolcensis	-32	146	7	9	0.00791651673263764	2779
Petaurus_norfolcensis	-32	150	2	3	0.00755667506297229	794
Petaurus_norfolcensis	-32	154	4	1	0.00125944584382872	1588
Petaurus_norfolcensis	-28	154	34	14	0.00607946407324091	13498
Petaurus_norfolcensis	-24	142	3	4	0.00671704450041982	1191
Petaurus_norfolcensis	-20	146	2	7	0.0176322418136020	794
Petaurus_norfolcensis	-20	150	9	6	0.00531766022949902	3573
Petrogale_lateralis	-32	118	2	1	0.000877192982456140	2280
Phascogale_tapoatafa	-32	114	2	0	0	2292
Philantomba_maxwellii	32	-118	2	5	0.00982318271119843	1019
Philantomba_monticola	-4	22	4	4	0.00497512437810945	1608
Philantomba_monticola	0	10	7	1	0.000710732054015636	2814
Philantomba_monticola	0	14	2	3	0.00750000000000000	802
Philantomba_monticola	8	22	11	7	0.00388964269561284	4422
Phodopus_campbelli	48	90	4	20	0.0102070574511519	4572
Phodopus_campbelli	48	98	4	6	0.00291630212890055	4572
Phodopus_campbelli	48	102	14	32	0.00484554815263477	16002
Phodopus_campbelli	48	106	4	11	0.00495771361913094	4572
Phodopus_campbelli	48	114	4	16	0.00699912510936133	4572
Phodopus_campbelli	52	90	6	7	0.00256634587343249	6858
Phodopus_campbelli	52	94	14	10	0.00124984376952881	16002
Phodopus_roborovskii	44	94	4	11	0.00497076023391813	4560
Phodopus_roborovskii	44	98	7	19	0.00685045948203843	7980
Phodopus_roborovskii	44	102	6	18	0.00584795321637427	6840
Phodopus_roborovskii	48	86	5	3	0.00105263157894737	5700
Phodopus_roborovskii	48	94	2	7	0.00614035087719298	2280
Phodopus_roborovskii	48	98	3	15	0.00877192982456140	3420
Phodopus_roborovskii	52	94	8	9	0.00213032581453634	9120
Phodopus_sungorus	48	82	2	0	0	2286
Phodopus_sungorus	52	74	5	10	0.00524934383202100	5715
Phodopus_sungorus	52	78	11	11	0.00314960629921260	12573
Phodopus_sungorus	52	82	2	11	0.00962379702537183	2286
Phodopus_sungorus	52	90	4	4	0.00189559638378536	4572
Phyllotis_andium	-12	-78	3	42	0.0245953494113472	3417
Phyllotis_andium	-8	-78	3	57	0.0368294836504144	3294
Phyllotis_darwini	-32	-70	2	3	0.00341296928327645	2019
Phyllotis_magister	-16	-70	4	17	0.0109659289624153	4139
Pipanacoctomys_aureus	-28	-66	12	62	0.0166826637414873	7956
Pipistrellus_hesperus	32	-98	2	0	0	800
Pipistrellus_kuhlii	28	-18	2	1	0.00194174757281553	1030
Pipistrellus_maderensis	28	-14	10	10	0.00681769147788566	5150
Pipistrellus_maderensis	32	-18	5	1	0.000851517488545116	2373
Pipistrellus_savii	28	-14	5	5	0.00427184466019418	2575
Pipistrellus_subflavus	32	-98	3	5	0.00833333333333333	1200
Plagiodontia_aedium	20	-74	9	52	0.0154970760233918	10260
Plagiodontia_aedium	20	-70	6	42	0.0128654970760234	6840
Platyrrhinus_dorsalis	0	-78	2	4	0.00350877192982456	2280
Plecotus_teneriffae	28	-18	5	13	0.0129158512720157	2555
Praomys_daltoni	8	2	6	20	0.00644067796610170	6802
Praomys_daltoni	12	-14	2	5	0.00446030330062444	2261
Praomys_daltoni	12	-10	5	50	0.0233439230597015	5639
Praomys_daltoni	12	-6	5	46	0.0212297883925412	5640
Praomys_daltoni	12	2	2	100	0.0892060660124888	2261
Praomys_daltoni	16	-2	5	37	0.0136336604222420	5662
Praomys_delectorum	-4	38	3	12	0.00717308026001415	3375
Praomys_derooi	8	2	8	10	0.00253139191368466	8904
Praomys_jacksoni	-4	14	3	28	0.0252252252252252	2589
Praomys_jacksoni	0	26	5	51	0.0196726647842073	4891
Praomys_jacksoni	0	30	2	0	0	2252
Praomys_jacksoni	8	22	4	26	0.0215843346684468	2996
Praomys_lukolelae	-4	14	3	7	0.00626398210290828	2567
Praomys_lukolelae	-4	18	4	12	0.00547965517849867	4504
Praomys_lukolelae	0	26	11	19	0.00852169908255318	8712
Praomys_minor	0	26	9	18	0.00750478407667192	7900
Praomys_misonnei	0	10	3	9	0.00537284613262035	3377
Praomys_misonnei	0	14	4	1	0.000455788514129444	4489
Praomys_misonnei	0	26	9	21	0.00546262074051160	8305
Praomys_misonnei	0	30	4	14	0.00627288988376270	4494
Praomys_misonnei	4	10	3	15	0.00956372309747529	3027
Praomys_misonnei	4	14	2	7	0.00637522768670310	2231
Praomys_misonnei	8	2	7	16	0.00408043755636311	7896
Praomys_misonnei	8	6	4	6	0.00318952001212614	4492
Praomys_morio	4	10	11	25	0.00610527023479906	11834
Praomys_mutoni	-4	22	2	6	0.00805369127516779	1844
Praomys_mutoni	0	26	15	15	0.00453744839571528	12112
Praomys_petteri	-4	10	2	15	0.0137362637362637	2212
Praomys_petteri	0	14	7	41	0.0171907276128764	7371
Praomys_rostratus	8	-10	2	4	0.00354295837023915	2269
Praomys_rostratus	8	-6	58	84	0.0140326123799709	47972
Praomys_rostratus	12	-62	15	26	0.00594343000358037	11970
Praomys_rostratus	12	-14	6	55	0.0245642196703353	6786
Praomys_rostratus	12	-10	2	18	0.0160000000000000	2259
Praomys_rostratus	12	-2	6	1	0.000668337510442774	4788
Praomys_tullbergi	4	-2	3	14	0.00819380907639306	3419
Praomys_tullbergi	8	-6	12	3	0.00119617224880383	9576
Praomys_tullbergi	8	-2	6	14	0.00400798350022880	6804
Praomys_verschureni	-4	22	3	3	0.00198807157057654	3285
Prionailurus_bengalensis	36	126	5	1	0.000362976406533575	5656
Procyon_lotor	32	134	2	0	0	2277
Procyon_lotor	36	134	5	42	0.0156357913252789	5694
Procyon_lotor	36	138	3	7	0.00409356725146199	3420
Procyon_lotor	36	142	4	0	0	4554
Procyon_lotor	44	142	2	0	0	2277
Proechimys_guyannensis	4	-54	3	4	0.00233918128654971	3420
Pseudantechinus_roryi	-24	122	6	103	0.0455555555555556	6840
Pseudois_nayaur	28	98	3	31	0.0181286549707602	3420
Pseudois_nayaur	28	106	4	0	0	4560
Pseudois_nayaur	32	98	7	51	0.0167919799498747	7980
Pseudois_nayaur	32	102	7	59	0.0211462956483981	7978
Pseudois_nayaur	36	102	4	28	0.0125730994152047	4560
Pseudois_nayaur	36	106	2	1	0.000877192982456140	2280
Pseudois_nayaur	36	122	6	20	0.00667324126139567	6837
Pseudois_schaeferi	32	98	4	11	0.00513059588842319	4554
Ptenochirus_minor	8	126	30	33	0.00853987068965516	23040
Ptenochirus_minor	12	126	16	10	0.00202907986111111	12288
Pteromys_volans	36	126	14	23	0.00615962984384038	15960
Pteromys_volans	48	126	5	15	0.00614035087719298	5700
Pteronotus_parnellii	20	-66	2	4	0.00350877192982456	2280
Pteropus_livingstonii	-12	46	11	5	0.00113332793653364	12370
Pteropus_poliocephalus	28	-82	7	9	0.00364767726351719	7860
Pteropus_rodricensis	28	-82	2	1	0.000890471950133571	2246
Pteropus_seychellensis	-12	42	19	6	0.00123799824073065	21278
Pteropus_seychellensis	-12	46	10	5	0.00135140422815243	11212
Pteropus_seychellensis	-4	54	2	3	0.00297324083250743	2039
Pteropus_vampyrus	0	110	2	3	0.00759493670886076	790
Pteropus_voeltzkowi	-4	38	2	7	0.00683593750000000	2048
Puma_concolor	-28	-54	5	4	0.00571428571428572	1925
Puma_concolor	-20	-54	9	2	0.00259740259740260	3465
Puma_concolor	36	-118	4	2	0.00603626627723013	664
Puma_concolor	36	-110	3	0	0	1592
Puma_concolor	48	-118	2	0	0	770
Rattus_andamanensis	12	106	9	36	0.0112085769980507	10260
Rattus_andamanensis	16	98	2	10	0.00893655049151028	2247
Rattus_argentiventer	12	102	5	1	0.000362669887449565	5520
Rattus_argentiventer	12	106	8	18	0.00771205253908056	9118
Rattus_exulans	-44	174	3	1	0.000990589400693413	2019
Rattus_exulans	-20	-158	3	0	0	2019
Rattus_exulans	-16	-142	4	2	0.00148736038926768	2690
Rattus_exulans	-8	126	2	1	0.00277777777777778	741
Rattus_exulans	-4	138	4	0	0	2692
Rattus_exulans	8	98	4	3	0.000873165104280212	2921
Rattus_exulans	12	98	4	4	0.00186317645104708	4079
Rattus_exulans	12	102	3	1	0.000839630562552477	2761
Rattus_exulans	12	106	2	1	0.000877192982456140	2280
Rattus_exulans	16	102	13	2	0.000723014510486509	12568
Rattus_exulans	20	102	5	7	0.00391214615371803	5007
Rattus_leucopus	-4	138	2	0	0	2283
Rattus_morotaiensis	0	126	5	10	0.00588551086750812	4467
Rattus_niobe	-4	142	2	0	0	2286
Rattus_nitidus	20	102	3	4	0.00241491245327563	3314
Rattus_rattus	-28	22	28	16	0.00529246396414316	31740
Rattus_rattus	-24	42	2	1	0.000882612533097970	2266
Rattus_rattus	-20	-54	7	0	0	7980
Rattus_rattus	-16	-142	2	0	0	1346
Rattus_rattus	-16	26	12	13	0.00469165337586391	13680
Rattus_rattus	-16	30	9	12	0.00469086453514309	8241
Rattus_rattus	12	78	7	16	0.00582051280379749	7048
Rattus_rattus	28	-18	3	1	0.000977517106549365	2046
Rattus_rattus	28	-14	2	2	0.00293255131964809	1364
Rattus_rattus	36	-122	82	62	0.00722919970436481	71767
Rattus_tanezumi	-28	22	27	1	6.49772579597141e-05	30780
Rattus_tanezumi	-16	30	5	3	0.00159574468085106	4148
Rattus_tanezumi	12	106	8	43	0.000417931371965534	8521
Rattus_tanezumi	16	98	8	26	0.00727602398758721	8579
Rattus_tanezumi	16	102	21	43	0.00663000902580106	21355
Rattus_tanezumi	20	102	42	52	0.00682861447663736	43420
Rattus_tanezumi	20	106	9	16	0.00423976608187135	10260
Rattus_tanezumi	28	126	2	2	0.00175438596491228	2280
Rattus_tanezumi	32	130	3	43	0.0251461988304094	3420
Rattus_tiomanicus	12	106	8	36	0.0103070175438596	9120
Rattus_tiomanicus	12	110	2	14	0.0122807017543860	2280
Reithrodontomys_megalotis	20	-98	2	6	0.00621118012422360	2079
Reithrodontomys_mexicanus	-20	-54	4	161	0.0807790549169860	4176
Reithrodontomys_sumichrasti	16	-98	6	11	0.00416681813445590	6488
Rhabdomys_pumilio	-28	22	27	310	0.0709619268683265	30738
Rhinolophus_affinis	0	110	2	0	0	826
Rhinolophus_affinis	4	102	2	1	0.00242130750605327	826
Rhinolophus_arcuatus	-8	122	5	9	0.00336938714824657	5652
Rhinolophus_arcuatus	8	126	2	2	0.00175438596491228	2280
Rhinolophus_arcuatus	12	122	5	6	0.00234067966402096	5243
Rhinolophus_borneensis	4	114	2	1	0.00242130750605327	826
Rhinolophus_celebensis	-8	122	3	16	0.00947174761479231	3385
Rhinolophus_celebensis	-4	122	2	1	0.00126262626262626	1930
Rhinolophus_creaghi	4	114	2	2	0.00484261501210654	826
Rhinolophus_darlingi	-28	18	8	124	0.0377046717740724	7608
Rhinolophus_darlingi	-28	22	2	1	0.00105152471083070	1902
Rhinolophus_darlingi	-28	30	2	30	0.0325732899022801	2043
Rhinolophus_darlingi	-24	26	5	148	0.0805467928496320	4755
Rhinolophus_euryotis	-4	122	3	10	0.00526999503082537	3074
Rhinolophus_ferrumequinum	36	122	2	3	0.00263157894736842	2280
Rhinolophus_ferrumequinum	36	126	4	0	0	4554
Rhinolophus_hipposideros	32	34	10	3	0.000681909346169274	11080
Rhinolophus_hipposideros	36	-6	32	30	0.00876402918765313	35454
Rhinolophus_hipposideros	36	-2	9	2	0.000701965503409546	9972
Rhinolophus_hipposideros	36	10	7	0	0	7756
Rhinolophus_hipposideros	36	14	3	1	0.000601684717208183	3324
Rhinolophus_hipposideros	36	22	2	35	0.0315884476534296	2216
Rhinolophus_hipposideros	36	26	3	32	0.0192539109506619	3324
Rhinolophus_hipposideros	36	34	24	20	0.00427465610919624	26590
Rhinolophus_hipposideros	36	38	2	3	0.00270758122743682	2216
Rhinolophus_hipposideros	40	14	5	23	0.00830324909747293	5540
Rhinolophus_hipposideros	40	22	6	1	0.000300842358604091	6648
Rhinolophus_hipposideros	44	-10	2	0	0	2216
Rhinolophus_hipposideros	44	-2	9	1	0.000501403931006819	9972
Rhinolophus_hipposideros	44	2	17	28	0.00492408154597579	18836
Rhinolophus_hipposideros	44	6	15	4	0.000481580714036468	16619
Rhinolophus_hipposideros	44	10	2	1	0.000902527075812274	2216
Rhinolophus_hipposideros	44	26	47	20	0.00233218237473138	52072
Rhinolophus_hipposideros	48	-2	18	1	0.000100526563833439	19912
Rhinolophus_hipposideros	48	6	5	1	0.000361092359419382	5539
Rhinolophus_hipposideros	48	10	4	1	0.000451399419730258	4431
Rhinolophus_hipposideros	48	14	17	2	0.000212467218110278	18834
Rhinolophus_hipposideros	48	18	2	0	0	2216
Rhinolophus_hipposideros	48	22	2	0	0	2216
Rhinolophus_hipposideros	52	-10	76	9	0.000436577276377220	84171
Rhinolophus_hipposideros	52	-2	44	1	4.10274146781869e-05	48748
Rhinolophus_luctus	0	110	2	0	0	822
Rhinolophus_macrotis	36	122	3	22	0.0128654970760234	3420
Rhinolophus_pearsonii	24	110	2	99	0.0868421052631579	2280
Rhinolophus_philippinensis	4	114	2	0	0	826
Rhinolophus_pusillus	8	118	2	0	0	826
Rhinolophus_pusillus	24	122	2	1	0.000877192982456140	2280
Rhinolophus_pusillus	32	102	2	13	0.0114035087719298	2280
Rhinolophus_pusillus	36	138	2	8	0.00701754385964912	2280
Rhinolophus_pusillus	44	142	2	0	0	2280
Rhinolophus_sinicus	32	110	3	15	0.00951563691838291	3200
Rhinolophus_stheno	4	102	2	2	0.00502512562814070	817
Rhinolophus_trifoliatus	4	102	3	1	0.00164462344004121	1230
Rhinophylla_pumilio	4	-54	2	40	0.0350877192982456	2280
Rousettus_amplexicaudatus	8	118	2	4	0.0101265822784810	790
Rousettus_amplexicaudatus	8	126	2	8	0.00701754385964912	2280
Rousettus_lanosus	-4	38	2	8	0.00701754385964912	2280
Rousettus_leschenaultii	36	122	2	9	0.00789473684210526	2280
Saccopteryx_bilineata	0	-78	4	8	0.0120532003325021	1604
Saccostomus_campestris	-28	22	4	11	0.00511627906976744	4300
Saccostomus_campestris	-24	18	5	6	0.00241860465116279	5375
Saccostomus_campestris	-24	30	10	22	0.00496124031007752	10750
Saccostomus_campestris	-24	34	2	4	0.00372093023255814	2150
Saccostomus_campestris	-16	26	3	7	0.00246034855542496	3086
Saimiri_boliviensis	44	-74	3	1	0.000584795321637427	3420
Saimiri_sciureus	4	-54	18	52	0.0133986928104575	20520
Sciurus_anomalus	36	34	3	10	0.00584795321637427	3420
Sciurus_lis	36	134	4	8	0.00409356725146199	4560
Sciurus_lis	36	138	12	24	0.00465269113667987	13679
Sciurus_lis	36	142	5	10	0.00421052631578947	5700
Sciurus_lis	40	142	4	9	0.00394736842105263	4560
Sciurus_variegatoides	-20	-54	3	26	0.0157921481548328	3310
Sciurus_vulgaris	44	6	2	3	0.00835654596100279	718
Sciurus_vulgaris	44	10	2	3	0.00835654596100279	718
Sciurus_vulgaris	44	14	2	2	0.00557103064066852	718
Sciurus_vulgaris	44	142	3	8	0.00467836257309941	3420
Sciurus_vulgaris	52	110	2	2	0.00557103064066852	718
Scotophilus_dinganii	-24	30	7	21	0.00835421888053467	7980
Scotophilus_dinganii	-4	38	4	30	0.0156432748538012	4560
Scotophilus_dinganii	0	34	11	124	0.0511642743221691	12540
Scotophilus_dinganii	0	38	2	2	0.00175438596491228	2280
Scotophilus_dinganii	4	-2	3	5	0.00292397660818713	3420
Scotophilus_dinganii	8	38	3	5	0.00292397660818713	3420
Scotophilus_kuhlii	8	102	6	18	0.00730994152046784	6840
Scotophilus_kuhlii	8	106	2	7	0.00614035087719298	2280
Scotophilus_kuhlii	12	110	2	3	0.00263157894736842	2280
Scotophilus_nux	0	34	4	15	0.00687134502923977	4560
Scotophilus_viridis	-24	30	4	5	0.00219298245614035	4560
Scotophilus_viridis	-4	38	6	32	0.0114270658979604	6832
Scotophilus_viridis	4	-2	6	41	0.0140350877192982	6840
Sigmodon_alstoni	8	-70	2	0	0	2280
Sigmodon_arizonae	20	-102	2	12	0.0173913043478261	1388
Sigmodon_arizonae	24	-110	4	8	0.00837568719980324	2540
Sigmodon_hirsutus	12	-86	2	3	0.00263157894736842	2280
Sigmodon_hirsutus	16	-94	7	112	0.0366913789336599	7980
Sigmodon_hirsutus	16	-90	15	22	0.0103929969270558	10661
Sigmodon_hirsutus	16	-86	6	8	0.00251461988304094	6840
Sigmodon_hispidus	16	-90	3	12	0.0131955469803767	1971
Sigmodon_hispidus	20	-98	2	1	0.00146412884333821	1383
Sigmodon_hispidus	24	-98	2	3	0.00263157894736842	2280
Sigmodon_hispidus	28	-82	2	2	0.00175438596491228	2280
Sigmodon_hispidus	32	-114	9	5	0.00170565302144250	10260
Sigmodon_hispidus	32	-102	11	12	0.00256045519203414	11060
Sigmodon_hispidus	32	-98	3	53	0.0309941520467836	3420
Sigmodon_hispidus	40	-98	2	1	0.000877192982456140	2280
Sigmodon_leucotis	24	-106	2	15	0.0131578947368421	2280
Sigmodon_mascotensis	20	-102	2	11	0.00964912280701754	2280
Sigmodon_peruanus	-4	-78	2	43	0.0377192982456140	2280
Sigmodon_toltecus	16	-94	3	19	0.0111111111111111	3420
Sigmodon_toltecus	16	-90	2	24	0.0210526315789474	2280
Sigmodon_toltecus	16	-86	2	2	0.00175438596491228	2280
Sigmodon_toltecus	20	-102	3	6	0.00624715937657114	2012
Sigmodon_toltecus	20	-98	7	20	0.00786410207940388	5593
Sigmodon_toltecus	20	-90	6	26	0.0116862933284893	5030
Sigmodontomys_alfari	8	-82	2	0	0	2280
Sooretamys_angouya	-24	-42	3	0	0	2742
Sorex_araneus	52	46	5	9	0.00378086981860567	5574
Sorex_araneus	56	34	2	5	0.00442477876106195	2270
Sorex_araneus	56	38	4	11	0.00582291716459955	4294
Sorex_araneus	56	94	3	4	0.00234277844582164	3418
Sorex_araneus	60	14	2	2	0.00197238658777120	2028
Sorex_araneus	64	46	5	14	0.00685476161893710	4746
Sorex_caecutiens	40	126	2	5	0.00438596491228070	2280
Sorex_caecutiens	48	134	2	6	0.00526315789473684	2280
Sorex_caecutiens	52	142	2	15	0.0131578947368421	2280
Sorex_caecutiens	56	82	2	0	0	2280
Sorex_camtschatica	60	150	4	0	0	4560
Sorex_cinereus	44	-66	2	22	0.0217606330365974	2022
Sorex_cinereus	52	-114	2	3	0.00297029702970297	2021
Sorex_cinereus	60	-150	2	3	0.00263157894736842	2280
Sorex_cinereus	64	-146	3	5	0.00292397660818713	3420
Sorex_fumeus	44	-66	2	5	0.00494559841740851	2022
Sorex_haydeni	44	-98	2	3	0.00263157894736842	2280
Sorex_hoyi	52	-114	3	8	0.00495213373081109	3031
Sorex_minutissimus	44	130	2	5	0.00438596491228070	2280
Sorex_minutissimus	44	142	18	4	0.00104919160646715	20520
Sorex_minutissimus	44	146	17	9	0.00232198142414861	19380
Sorex_minutissimus	48	142	4	16	0.00789473684210526	4560
Sorex_minutissimus	52	114	2	2	0.00175438596491228	2280
Sorex_minutissimus	56	94	2	4	0.00350877192982456	2280
Sorex_minutissimus	60	98	5	27	0.0107017543859649	5700
Sorex_minutissimus	64	26	14	17	0.00560053981106614	15960
Sorex_minutissimus	64	74	3	15	0.00877192982456140	3420
Sorex_minutus	40	-2	3	32	0.0192192192192192	3330
Sorex_minutus	40	18	4	16	0.00720720720720721	4440
Sorex_minutus	44	2	2	1	0.000900900900900901	2220
Sorex_minutus	44	6	2	22	0.0198198198198198	2220
Sorex_minutus	44	10	4	34	0.0154654654654655	4470
Sorex_minutus	44	14	3	11	0.00660660660660661	3330
Sorex_minutus	48	6	8	40	0.0128056628056628	8880
Sorex_minutus	48	10	2	24	0.0216216216216216	2220
Sorex_minutus	48	14	9	17	0.00400400400400401	9990
Sorex_minutus	48	18	4	12	0.00600600600600601	4440
Sorex_minutus	48	30	2	12	0.0108108108108108	2220
Sorex_minutus	48	38	2	7	0.00630630630630631	2220
Sorex_minutus	52	-6	22	54	0.0120393120393120	24420
Sorex_minutus	52	-2	42	111	0.0100471216868674	46610
Sorex_minutus	52	2	11	27	0.00547185598583254	12209
Sorex_minutus	52	6	4	13	0.00675675675675676	4440
Sorex_minutus	52	14	5	12	0.00459459459459459	5550
Sorex_minutus	52	34	4	9	0.00405405405405406	4440
Sorex_minutus	52	42	2	4	0.00360360360360360	2220
Sorex_minutus	56	-6	33	83	0.0118286548670603	36625
Sorex_minutus	56	-2	9	27	0.00610718924515137	9989
Sorex_minutus	56	10	6	23	0.00726726726726727	6660
Sorex_minutus	56	14	5	16	0.00648648648648649	5550
Sorex_minutus	56	18	5	10	0.00414414414414414	5550
Sorex_minutus	56	26	2	4	0.00360360360360360	2220
Sorex_minutus	56	82	3	4	0.00240240240240240	3360
Sorex_minutus	60	-2	8	13	0.00373230373230373	8880
Sorex_ornatus	32	-118	3	8	0.0211081794195251	1077
Sorex_ornatus	36	-118	9	28	0.0252677417948479	3239
Sorex_ornatus	40	-122	8	11	0.0115105451521268	3000
Sorex_palustris	48	-94	2	8	0.00804828973843058	1988
Sorex_palustris	48	-70	2	7	0.00705645161290323	1986
Sorex_preblei	36	-106	2	0	0	2280
Sorex_preblei	44	-118	2	3	0.00263157894736842	2280
Sorex_tundrensis	48	98	9	12	0.00401529628390123	10234
Sorex_tundrensis	48	142	3	1	0.000587644191671976	3409
Sorex_tundrensis	52	114	4	5	0.00228923235792617	4462
Sorex_tundrensis	56	94	9	19	0.00491592529940581	9633
Sorex_tundrensis	60	-150	5	0	0	4895
Sorex_tundrensis	60	98	5	20	0.00719298245614035	5700
Sorex_tundrensis	60	134	4	2	0.000894058109896971	4496
Sorex_tundrensis	60	150	3	10	0.00585360589523017	3418
Sorex_tundrensis	64	-146	2	0	0	2276
Sorex_tundrensis	64	58	18	7	0.00206368911400675	20487
Sorex_tundrensis	64	130	8	23	0.00576523618088241	9119
Sorex_tundrensis	68	170	6	4	0.00140380438618164	6569
Sorex_ugyunak	60	-150	2	1	0.000877192982456140	2280
Sorex_ugyunak	72	-158	2	5	0.00438596491228070	2280
Sorex_vagrans	40	-122	6	11	0.0138863392817727	2177
Sorex_volnuchini	48	38	10	6	0.00158111327701971	10260
Soriculus_nigrescens	36	122	5	51	0.0227192982456140	5700
Spalax_ehrenbergi	32	34	7	36	0.0381426202321725	2814
Spermophilus_parryii	64	-150	63	33	0.00757808499743990	71820
Spermophilus_tridecemlineatus	32	-102	33	36	0.00384347017833091	37406
Spermophilus_tridecemlineatus	32	-98	21	10	0.00238134915124223	23937
Spermophilus_tridecemlineatus	36	-106	9	13	0.00536156506767847	10259
Spermophilus_tridecemlineatus	36	-102	14	23	0.00430084636478077	15941
Spermophilus_tridecemlineatus	36	-98	24	15	0.00357398888800800	27354
Spermophilus_tridecemlineatus	40	-102	2	11	0.00964912280701754	2280
Spermophilus_tridecemlineatus	40	-98	5	6	0.00238806825863801	5639
Spermophilus_tridecemlineatus	40	-94	5	0	0	5607
Spermophilus_tridecemlineatus	40	-86	5	4	0.00193376655308482	5693
Spermophilus_tridecemlineatus	44	-106	4	20	0.00893809413401345	4555
Spermophilus_tridecemlineatus	44	-102	3	40	0.0233918128654971	3420
Spermophilus_tridecemlineatus	44	-94	3	7	0.00417794106960421	3374
Spermophilus_tridecemlineatus	44	-90	5	17	0.00702108651787502	5699
Spermophilus_tridecemlineatus	48	-98	4	2	0.000877963125548727	4559
Sturnira_lilium	-24	-50	4	7	0.00501981419263669	2445
Sturnira_lilium	0	-82	3	4	0.00665004156275977	1203
Sturnira_lilium	0	-78	6	24	0.00446275078601025	3623
Sturnira_lilium	4	-54	5	9	0.00781613973576786	3258
Sturnira_lilium	8	-78	2	3	0.00448430493273543	1338
Sturnira_lilium	8	-62	4	11	0.0110549234848405	2437
Sturnira_lilium	12	-90	3	4	0.00442892712327977	1871
Sturnira_lilium	16	-90	5	2	0.00225632189104222	2915
Sturnira_lilium	20	-90	2	6	0.0102214650766610	1254
Sturnira_lilium	20	-86	2	3	0.00522648083623693	1259
Sturnira_oporaphilum	-4	-78	2	7	0.0179948586118252	784
Suncus_montanus	8	82	12	15	0.00396065922381713	13680
Suncus_murinus	8	82	6	93	0.0411695906432748	6840
Suncus_stoliczkanus	28	82	2	3	0.00263157894736842	2280
Sus_barbatus	0	114	3	5	0.00292397660818713	3420
Sus_celebensis	-4	122	3	45	0.0266081871345029	3420
Sylvicapra_grimmia	32	-118	3	12	0.0155642023346304	1542
Tachyglossus_aculeatus	-36	146	2	0	0	2280
Taeromys_celebensis	-4	122	2	30	0.0292682926829268	2051
Talpa_caeca	44	10	2	30	0.0263157894736842	2280
Talpa_levantis	40	-86	2	0	0	2262
Talpa_occidentalis	40	-10	3	11	0.00651012039497425	3390
Talpa_romana	40	18	2	1	0.000877192982456140	2280
Tamias_alpinus	36	-118	4	38	0.0183649915697640	4467
Tamias_amoenus	36	-118	3	1	0.000595770032767352	3357
Tamias_amoenus	40	-122	4	17	0.00851852167760878	4518
Tamias_amoenus	44	-118	2	51	0.0455764075067024	2238
Tamias_amoenus	44	-114	4	124	0.0595770032767352	4476
Tamias_amoenus	48	-122	2	79	0.0705987488829312	2259
Tamias_amoenus	48	-118	3	139	0.0828120345546619	3357
Tamias_amoenus	48	-114	4	52	0.0233839737861186	4476
Tamias_canipes	32	-106	3	10	0.00595770032767352	3378
Tamias_cinereicollis	32	-110	3	9	0.00536726395679307	3355
Tamias_cinereicollis	32	-106	2	2	0.00178731009830206	2238
Tamias_cinereicollis	36	-110	5	7	0.00268224522630594	5635
Tamiasciurus_douglasii	44	-122	2	2	0.00475059382422803	842
Tamiasciurus_hudsonicus	36	-110	12	14	0.00716907795292595	5771
Tamias_dorsalis	36	-114	3	16	0.00942030248190494	3315
Tamias_dorsalis	36	-106	2	42	0.0377358490566038	2252
Tamias_dorsalis	40	-114	5	19	0.00810621728584195	5546
Tamias_dorsalis	40	-110	2	33	0.0294906166219839	2238
Tamias_merriami	36	-118	3	5	0.00297885016383676	3357
Tamias_minimus	36	-118	5	28	0.0142984807864164	5601
Tamias_minimus	36	-106	4	15	0.00700029788501638	4476
Tamias_minimus	40	-122	2	45	0.0402144772117962	2259
Tamias_minimus	40	-110	4	29	0.0129579982126899	4497
Tamias_minimus	40	-106	5	74	0.0300268096514745	5595
Tamias_minimus	44	-110	3	72	0.0431933273756330	3357
Tamias_minimus	48	-118	2	0	0	2238
Tamias_minimus	52	-118	2	36	0.0324032403240324	2250
Tamias_obscurus	32	-118	2	0	0	2258
Tamias_palmeri	36	-114	2	2	0.00331125827814570	1707
Tamias_panamintinus	36	-118	5	8	0.00303842716711350	5616
Tamias_panamintinus	36	-114	3	4	0.00441501103752760	2327
Tamias_quadrimaculatus	36	-118	2	63	0.0563002680965148	2259
Tamias_quadrimaculatus	40	-122	2	2	0.00178731009830206	2238
Tamias_quadrivittatus	36	-106	5	47	0.0190182035739038	5619
Tamias_quadrivittatus	40	-106	3	40	0.0238308013106941	3357
Tamias_ruficaudus	44	-114	2	53	0.0473637176050045	2238
Tamias_ruficaudus	48	-118	5	54	0.0193029490616622	5616
Tamias_ruficaudus	48	-114	5	8	0.00357462019660411	5595
Tamias_rufus	40	-110	2	2	0.00178731009830206	2238
Tamias_senex	40	-122	10	23	0.00741095568737615	11213
Tamias_sibiricus	36	126	51	192	0.0228324733402133	58140
Tamias_sibiricus	52	86	2	0	0	2280
Tamias_sibiricus	52	122	6	6	0.00245614035087719	6840
Tamias_sibiricus	52	142	11	5	0.00197767145135566	12540
Tamias_sibiricus	56	38	2	1	0.000877192982456140	2280
Tamias_sibiricus	56	82	2	0	0	2280
Tamias_sibiricus	56	94	2	1	0.000877192982456140	2280
Tamias_sibiricus	60	118	2	1	0.000877192982456140	2280
Tamias_sibiricus	60	134	12	19	0.00454545454545455	13680
Tamias_sibiricus	64	90	4	0	0	4560
Tamias_sibiricus	64	142	3	0	0	3420
Tamias_sibiricus	64	158	2	0	0	2280
Tamias_siskiyou	44	-122	3	82	0.0488531426869229	3378
Tamias_sonomae	40	-122	5	6	0.00304050729524939	5594
Tamias_speciosus	36	-118	5	24	0.00900465401212015	5593
Tamias_striatus	40	-82	2	2	0.00177147918511958	2268
Tamias_striatus	40	-78	2	3	0.00264550264550265	2273
Tamias_townsendii	44	-122	2	0	0	2259
Tamias_townsendii	48	-122	6	2	0.000773403571484565	6756
Tamias_umbrinus	40	-114	6	20	0.00731452402229882	6665
Tamias_umbrinus	40	-110	2	0	0	2238
Tamiops_maritimus	16	110	6	8	0.00339181286549708	6840
Tamiops_maritimus	20	106	4	5	0.00219298245614035	4560
Tamiops_maritimus	24	106	2	11	0.00964912280701754	2280
Tamiops_maritimus	28	118	6	5	0.00163742690058480	6840
Tamiops_mcclellandii	20	98	4	4	0.00190058479532164	4560
Tamiops_rodolphii	12	106	6	7	0.00204678362573099	6840
Tamiops_swinhoei	24	102	6	4	0.00134502923976608	6840
Thrichomys_pachyurus	-16	-58	3	6	0.00300512254125100	3355
Thylogale_billardierii	-44	174	2	1	0.000877192982456140	2280
Thylogale_browni	-8	146	2	1	0.000877192982456140	2280
Thylogale_brunii	-8	142	2	3	0.00263157894736842	2280
Thylogale_stigmatica	-20	150	2	0	0	2280
Thylogale_stigmatica	-16	146	2	8	0.00711111111111111	2265
Thylogale_stigmatica	-8	142	2	38	0.0333333333333333	2280
Tragelaphus_scriptus	-28	22	8	26	0.0234455292908530	4448
Tragelaphus_scriptus	-4	22	20	99	0.0695096554335480	11120
Tragelaphus_scriptus	0	14	2	0	0	1112
Tragelaphus_scriptus	8	22	2	1	0.00179856115107914	1112
Tragelaphus_scriptus	12	-62	3	2	0.00239808153477218	1668
Tragelaphus_scriptus	12	-14	3	8	0.0101918465227818	1668
Transandinomys_talamancae	8	-82	2	1	0.000906618313689937	2243
Triaenops_auritus	-12	50	24	7	0.000921974477219864	17366
Triaenops_furculus	-16	46	17	9	0.00180972945160029	12159
Triaenops_persicus	-8	38	12	21	0.00665449903242423	8744
Triaenops_rufus	-20	42	8	19	0.00925778159492532	5762
Triaenops_rufus	-20	46	12	25	0.00930184407837069	8715
Triaenops_rufus	-16	46	5	15	0.0102377201792099	3571
Triaenops_rufus	-12	50	2	0	0	1464
Trinomys_dimidiatus	-24	-46	2	0	0	764
Trinomys_dimidiatus	-24	-42	2	1	0.00254452926208651	786
Trinomys_dimidiatus	-20	-42	5	2	0.00210610200695924	1929
Trinomys_gratiosus	-24	-42	2	1	0.00254452926208651	1119
Trinomys_gratiosus	-20	-42	3	37	0.0384260736957832	1842
Trinomys_gratiosus	-8	-34	2	28	0.0385674931129477	1452
Trinomys_iheringi	-24	-46	3	5	0.00871106197874142	1165
Trinomys_setosus	-12	-38	2	1	0.00335570469798658	690
Tscherskia_triton	32	126	2	1	0.00234741784037559	852
Tscherskia_triton	48	126	5	8	0.00938967136150235	2130
Tupaia_belangeri	24	102	17	15	0.00348843241000104	19278
Tupaia_belangeri	40	114	29	21	0.00267911157203351	33060
Tylonycteris_pachypus	24	114	2	35	0.0307017543859649	2280
Tympanoctomys_barrerae	-40	-70	2	1	0.00150829562594268	1326
Tympanoctomys_barrerae	-36	-70	4	16	0.0120663650075415	2652
Tympanoctomys_barrerae	-32	-66	2	3	0.00452488687782806	1326
Urocitellus_parryii	56	-162	6	0	0	6840
Urocitellus_parryii	56	-158	4	5	0.00292397660818713	4560
Urocitellus_parryii	56	-154	6	0	0	6840
Urocitellus_parryii	60	-134	3	0	0	3420
Urocitellus_parryii	60	-130	2	2	0.00175438596491228	2280
Urocitellus_parryii	64	-150	6	49	0.0208187134502924	6840
Urocitellus_parryii	64	-146	3	3	0.00175438596491228	3420
Urocitellus_parryii	68	-158	2	0	0	2280
Urocitellus_parryii	68	-142	2	0	0	2280
Urocitellus_parryii	72	-150	3	0	0	3420
Urocyon_cinereoargenteus	36	-118	28	3	0.00132723587930491	4747
Uroderma_bilobatum	0	-82	3	5	0.00941993933347442	1130
Uropsilus_investigator	24	98	2	3	0.00263157894736842	2280
Ursus_americanus	48	-110	3	5	0.00312989045383412	3195
Ursus_americanus	60	-150	2	0	0	2202
Ursus_americanus	64	-150	4	36	0.0170579029733959	4260
Ursus_arctos	16	-66	2	1	0.000938967136150235	2130
Ursus_arctos	52	-10	5	6	0.0297520661157025	605
Ursus_arctos	52	-6	2	0	0	242
Ursus_arctos	56	-134	6	1	0.000309025068027632	6534
Ursus_arctos	56	-10	6	7	0.0275482093663912	726
Ursus_arctos	64	-166	5	1	0.000563380281690141	5325
Ursus_arctos	64	-150	8	39	0.0162754303599374	7861
Ursus_maritimus	64	-170	3	1	0.000586338317209030	3411
Ursus_maritimus	72	-158	2	1	0.000879507475813545	2274
Ursus_thibetanus	40	126	6	12	0.00351103101622948	6839
Vampyressa_brocki	4	-58	2	6	0.00526315789473684	2280
Vampyressa_melissa	-12	-70	2	17	0.0149122807017544	2280
Vampyressa_nymphaea	0	-78	4	9	0.00409356725146199	4560
Vampyressa_pusilla	-20	-54	2	4	0.00350877192982456	2280
Vampyrodes_caraccioli	12	-62	2	1	0.000877192982456140	2280
Vespertilio_murinus	44	142	2	11	0.00964912280701754	2280
Vespertilio_sinensis	44	142	2	0	0	2280
Vulpes_corsac	44	114	2	0	0	2280
Vulpes_vulpes	36	-118	2	0	0	332
Vulpes_vulpes	36	126	7	12	0.00440357466649398	7721
Vulpes_vulpes	36	138	3	4	0.00233918128654971	3420
Vulpes_vulpes	40	142	3	0	0	3420
Vulpes_vulpes	44	-10	3	3	0.00533333333333333	1125
Vulpes_vulpes	44	142	17	39	0.0135577915376677	19380
Zapus_hudsonius	36	-106	18	0	0	18108
Zapus_hudsonius	40	-106	106	13	0.000893871415892713	106635
Zapus_hudsonius	40	-98	32	10	0.00318251779644715	32192
Zapus_hudsonius	44	-106	48	21	0.00403959223383105	48288
Zapus_hudsonius	44	-102	16	3	0.000844930417495032	16096
Zapus_hudsonius	44	-98	26	5	0.00159362234552882	26155
Zapus_hudsonius	48	-94	21	17	0.00342705670737480	21126
Zygodontomys_brevicauda	8	-82	6	21	0.00670153675789175	5291
