Species	Grid_ID	Num_Seq	Num_Muts	GD_Pi	BP
Aethalops_alecto	1784	17	24	0.00564061240934730	11169
Allactaga_sibirica	2864	7	13	0.00768282960063782	4599
Allactaga_sibirica	2954	2	6	0.00913242009132420	1314
Allocricetulus_curtatus	2864	2	0	0	1314
Ametrida_centurio	1741	23	41	0.0111658575029629	15111
Ametrida_centurio	1830	2	9	0.0136986301369863	1314
Ametrida_centurio	1831	117	117	0.0120307679924281	76351
Ametrida_centurio	1920	8	16	0.00837469969611634	5255
Ametrida_centurio	1921	2	10	0.0152207001522070	1314
Anoura_caudifer	1646	9	14	0.00701843395907323	5913
Anoura_caudifer	1736	3	1	0.00101471334348047	1971
Anoura_caudifer	1741	4	3	0.00228310502283105	2628
Anoura_caudifer	1830	17	1	0.000318715486171454	11040
Anoura_caudifer	1831	18	9	0.00278700195148873	11636
Anoura_caudifer	1832	2	7	0.0106544901065449	1314
Anoura_geoffroyi	1741	7	7	0.00374373024978181	4543
Anoura_geoffroyi	1830	26	20	0.00611279938138458	16826
Anoura_geoffroyi	1831	38	21	0.00710968130913566	24880
Anoura_geoffroyi	1832	2	1	0.00152207001522070	1314
Anoura_geoffroyi	2093	5	6	0.00494405665501893	3254
Anoura_latidens	1830	5	1	0.000962892608432413	3202
Anourosorex_squamipes	2411	3	7	0.00621816336884830	1939
Anourosorex_squamipes	2502	4	7	0.00634195839675292	2628
Antilocapra_americana	3077	2	1	0.00152207001522070	1314
Antrozous_pallidus	2628	2	2	0.00303951367781155	1316
Apodemus_agrarius	2591	7	7	0.00310077519379845	4515
Apodemus_agrarius	2592	4	1	0.000775193798449612	2580
Apodemus_agrarius	2770	2	2	0.00307692307692308	1300
Apodemus_agrarius	2957	15	14	0.00598278208628285	9846
Apodemus_agrarius	3047	14	14	0.00674059578169167	9198
Apodemus_chevrieri	2591	4	6	0.00276104134992586	4968
Apodemus_chevrieri	2592	5	4	0.00279069767441860	3225
Apodemus_draco	2591	12	26	0.0171952078928823	7740
Apodemus_draco	2594	17	8	0.00340364107579663	11167
Apodemus_flavicollis	2931	2	3	0.00455927051671733	1336
Apodemus_latronum	2323	2	31	0.0250201775625504	2478
Apodemus_peninsulae	2681	8	0	0	4842
Apodemus_peninsulae	2770	14	17	0.00809805579036348	9100
Apodemus_peninsulae	2957	47	40	0.00724495212081684	30831
Apodemus_peninsulae	2959	2	6	0.00913242009132420	1314
Apodemus_peninsulae	3045	4	4	0.00381605251646578	2624
Apodemus_peninsulae	3047	20	10	0.00264703480548056	13130
Apodemus_peninsulae	3129	2	2	0.00304414003044140	1314
Apodemus_peninsulae	3136	8	5	0.00332226494407367	5252
Apodemus_peninsulae	3141	2	1	0.00152207001522070	1314
Apodemus_peninsulae	3225	3	0	0	1971
Arielulus_aureocollaris	2321	3	6	0.00609292051824628	1970
Arielulus_circumdatus	2053	6	2	0.00101471334348047	3943
Artibeus_amplus	1741	6	27	0.0146409967428476	3936
Artibeus_amplus	1829	2	4	0.00612557427258806	1310
Artibeus_amplus	1831	24	17	0.00457172479209408	15768
Artibeus_anderseni	1646	14	11	0.00303040626026676	9195
Artibeus_aztecus	2093	9	3	0.00237880794850704	5898
Artibeus_bogotensis	1741	9	18	0.00811331673588298	5895
Artibeus_bogotensis	1830	5	13	0.0110510791570946	3272
Artibeus_bogotensis	1831	61	34	0.00843793365192311	39919
Artibeus_bogotensis	1832	7	5	0.00289918098137276	4599
Artibeus_bogotensis	1919	2	2	0.00307219662058372	1308
Artibeus_cinereus	1741	48	153	0.0236206267010990	31530
Artibeus_cinereus	1831	60	119	0.00888589708871444	39359
Artibeus_cinereus	1921	67	23	0.00258205157468871	43935
Artibeus_concolor	1741	15	42	0.0151984243350336	9852
Artibeus_concolor	1831	65	108	0.0164559198998690	42615
Artibeus_concolor	1832	2	2	0.00305343511450382	1310
Artibeus_concolor	1921	8	25	0.0148459436640447	5245
Artibeus_fimbriatus	1023	3	10	0.0101843706217214	1968
Artibeus_gnomus	1646	22	24	0.00877539471379860	14434
Artibeus_gnomus	1741	8	88	0.0433270001052024	5241
Artibeus_gnomus	1830	3	3	0.00304414003044140	1971
Artibeus_gnomus	1831	116	64	0.00846158709668173	75869
Artibeus_gnomus	1832	2	3	0.00458015267175573	1310
Artibeus_gnomus	1920	3	1	0.00101471334348047	1971
Artibeus_gnomus	1921	15	31	0.0101041353585552	9848
Artibeus_jamaicensis	1915	2	0	0	1314
Artibeus_jamaicensis	1916	8	6	0.00228310502283105	5256
Artibeus_jamaicensis	2005	4	15	0.0117252671574826	2609
Artibeus_jamaicensis	2093	16	16	0.00440313663981388	10510
Artibeus_jamaicensis	2183	28	21	0.00448696829983601	18392
Artibeus_jamaicensis	2273	37	34	0.00950478509582187	23484
Artibeus_jamaicensis	2274	6	16	0.0126839167935058	3942
Artibeus_lituratus	1023	39	31	0.00585916142347220	25425
Artibeus_lituratus	1646	27	22	0.00561407935392767	17667
Artibeus_lituratus	1741	25	32	0.00666159309994928	16425
Artibeus_lituratus	1830	12	16	0.00599667399515193	7866
Artibeus_lituratus	1831	336	118	0.00694406035448212	220376
Artibeus_lituratus	1832	4	10	0.00786402841197362	2628
Artibeus_lituratus	1916	5	12	0.00821917808219178	3285
Artibeus_lituratus	1920	66	53	0.00646154971789758	43222
Artibeus_lituratus	1921	19	19	0.00574514945676981	12459
Artibeus_lituratus	2005	2	4	0.00608828006088280	1314
Artibeus_lituratus	2093	5	6	0.00517503805175038	3285
Artibeus_lituratus	2182	3	0	0	1971
Artibeus_lituratus	2183	44	44	0.00706077227335157	28907
Artibeus_lituratus	2273	60	42	0.00659909910447026	38878
Artibeus_obscurus	1645	3	1	0.00101471334348047	1971
Artibeus_obscurus	1646	41	16	0.00587679351000367	26820
Artibeus_obscurus	1741	32	21	0.00698475841778968	21023
Artibeus_obscurus	1830	18	5	0.00175087792600551	11826
Artibeus_obscurus	1831	399	57	0.00509601361696801	261201
Artibeus_obscurus	1832	15	12	0.00635332274357685	9853
Artibeus_obscurus	1920	13	7	0.00302312760980687	8522
Artibeus_obscurus	1921	56	15	0.00297297831544411	36792
Artibeus_phaeotis	1916	6	114	0.0578386605783866	3942
Artibeus_phaeotis	2093	2	0	0	1308
Artibeus_phaeotis	2183	57	21	0.00171734707094714	37435
Artibeus_phaeotis	2273	18	7	0.00190038617658220	11033
Artibeus_phaeotis	2274	18	9	0.00247690839139299	11811
Artibeus_toltecus	1915	4	9	0.00684931506849315	2628
Artibeus_toltecus	1916	5	1	0.000608828006088280	3285
Artibeus_toltecus	2093	16	9	0.00220933598528354	10507
Artibeus_watsoni	1736	9	15	0.00678454096211799	5882
Artibeus_watsoni	1915	3	1	0.00103842159916926	1956
Artibeus_watsoni	1916	4	9	0.00837138508371385	2628
Artibeus_watsoni	2005	9	8	0.00339244748600251	5899
Aselliscus_stoliczkanus	2231	2	0	0	1312
Aselliscus_stoliczkanus	2232	18	15	0.0104643330449100	11804
Aselliscus_stoliczkanus	2321	3	42	0.0427147334450444	1969
Aselliscus_stoliczkanus	2322	2	143	0.224842767295598	1293
Aselliscus_stoliczkanus	2410	4	1	0.000771787030124979	2599
Aselliscus_stoliczkanus	2411	10	4	0.00145442245898867	6570
Aselliscus_stoliczkanus	2412	11	9	0.00426179604261796	7227
Aselliscus_stoliczkanus	2502	7	5	0.00220020709631402	4576
Baiomys_musculus	2093	2	0	0	1311
Baiomys_musculus	2182	4	4	0.00329781836631152	2628
Baiomys_musculus	2270	5	3	0.00184049512706332	3275
Balantiopteryx_io	2183	13	0	0	8409
Balantiopteryx_plicata	2093	10	6	0.00369267966100688	6564
Balionycteris_maculata	1781	7	6	0.00362397622671595	4599
Balionycteris_maculata	1784	7	14	0.00753787055156918	4599
Balionycteris_maculata	1871	4	2	0	1541
Bandicota_indica	2045	11	1	0.000500163129016454	7202
Bandicota_indica	2140	2	0	0	1286
Bandicota_indica	2141	3	2	0.00182831191328979	1726
Bandicota_indica	2231	2	12	0.0183206106870229	1310
Bandicota_indica	2321	2	1	0.00164473684210526	1263
Bandicota_savilei	2140	2	80	0.138169257340242	1234
Barbastella_barbastellus	2270	2	1	0.00179856115107914	1112
Barbastella_barbastellus	2927	2	1	0.00153609831029186	1308
Berylmys_berdmorei	2231	4	20	0.0160305343511450	2620
Berylmys_bowersi	2231	3	1	0.00102092904543134	1963
Berylmys_bowersi	2232	5	7	0.00360545097387203	3485
Blarina_brevicauda	2905	4	16	0.0129532246003063	2604
Blarina_brevicauda	2906	8	12	0.00606140069041122	5139
Blarina_brevicauda	2909	16	14	0.00548295374961482	10507
Blarina_brevicauda	2910	11	8	0.00526841838288644	6901
Blarina_brevicauda	2992	2	1	0.00189753320683112	1184
Blarinella_griselda	2776	2	8	0.0135363790186125	1182
Callosciurus_prevostii	1784	2	103	0.157733537519142	1310
Caluromys_philander	1115	2	2	0.00304414003044140	1314
Canis_latrans	2719	2	4	0.00259403372243839	3084
Canis_latrans	2811	2	0	0	3084
Canis_latrans	2994	2	12	0.0255319148936170	1042
Canis_latrans	3076	2	15	0.0263620386643234	1145
Caracal_caracal	2811	2	0	0	374
Cardioderma_cor	1585	13	11	0.00437107286422355	8541
Cardioderma_cor	1586	14	11	0.00688324258487347	9180
Carollia_brevicauda	1645	3	23	0.0233384069000507	1971
Carollia_brevicauda	1646	42	48	0.00913889465905599	27500
Carollia_brevicauda	1736	4	14	0.0140807741133890	2572
Carollia_brevicauda	1741	5	24	0.0191780821917808	3285
Carollia_brevicauda	1830	5	14	0.0116725677453800	3271
Carollia_brevicauda	1831	99	59	0.0116231019124841	64648
Carollia_brevicauda	1832	13	11	0.00413463687834403	8511
Carollia_brevicauda	1916	5	6	0.00449398937657255	3216
Carollia_brevicauda	1920	29	32	0.00555612744762593	19001
Carollia_brevicauda	1921	21	34	0.00731438179606008	13754
Carollia_castanea	1645	2	2	0.00304414003044140	1314
Carollia_castanea	1646	32	22	0.00654730490570135	20944
Carollia_castanea	1736	6	11	0.00680151835764933	3941
Carollia_castanea	1915	4	3	0.00228310502283105	2628
Carollia_castanea	1916	7	36	0.0281321098436033	4598
Carollia_castanea	2005	5	2	0.00152836165548339	3276
Carollia_castanea	2006	3	30	0.0304414003044140	1971
Carollia_perspicillata	1023	20	22	0.0113946462423124	13115
Carollia_perspicillata	1646	28	28	0.00606785942720203	18343
Carollia_perspicillata	1736	3	5	0.00509532167423040	1967
Carollia_perspicillata	1741	114	73	0.00673721519988730	74448
Carollia_perspicillata	1829	10	15	0.00575004227972265	6570
Carollia_perspicillata	1830	46	44	0.00698318213674984	30169
Carollia_perspicillata	1831	574	144	0.00681662902095162	374510
Carollia_perspicillata	1832	5	8	0.00380710856195320	4169
Carollia_perspicillata	1915	2	1	0.00152207001522070	1314
Carollia_perspicillata	1916	9	11	0.00423243296918468	5910
Carollia_perspicillata	1919	10	15	0.00598360149352621	6544
Carollia_perspicillata	1920	94	71	0.00704400159613279	61441
Carollia_perspicillata	1921	132	73	0.00693480303551377	86488
Carollia_perspicillata	2005	4	2	0.00152361683434186	2627
Carollia_perspicillata	2183	4	4	0.00329975189021297	2627
Carollia_perspicillata	2273	11	15	0.0162724855531066	6238
Carollia_sowelli	1915	4	5	0.00444878152567061	2591
Carollia_sowelli	2005	4	11	0.00837138508371385	2628
Carollia_sowelli	2182	2	0	0	1314
Carollia_sowelli	2183	83	19	0.00126703669267229	54439
Carollia_sowelli	2273	22	2	0.000277085038379912	14437
Carollia_subrufa	2093	20	8	0.00229654446511814	13125
Carollia_subrufa	2182	3	1	0.00101471334348047	1971
Caryomys_eva	2591	2	0	0	1296
Caryomys_eva	2681	11	10	0.00454604692156132	6454
Caryomys_eva	2770	5	2	0.00123076923076923	3250
Castor_canadensis	2815	2	3	0.00457317073170732	1313
Castor_canadensis	3202	2	0	0	3084
Castor_fiber	3111	3	0	0	2124
Cebus_apella	3021	3	4	0.00376647834274953	2124
Centronycteris_maximiliani	1831	5	5	0.00407052137029912	3040
Centurio_senex	2093	13	29	0.0100449741029124	8535
Centurio_senex	2183	29	35	0.00829005309816777	19051
Cephalophus_callipygus	1669	24	23	0.0127446439034255	14713
Cephalophus_dorsalis	1669	10	3	0.00126630244070232	6371
Cephalophus_leucogaster	1669	11	8	0.00292662969555597	7147
Cephalophus_natalensis	862	2	1	0.00151975683890578	1316
Cephalophus_nigrifrons	1669	7	7	0.00309056494113397	4541
Cercopithecus_cephus	1669	6	2	0.00155038759689922	3477
Cercopithecus_nictitans	1669	6	7	0.00571413580975616	3816
Cercopithecus_pogonias	1669	4	4	0.00310077519379845	2580
Cervus_albirostris	2591	3	5	0.00506585612968592	1974
Cervus_albirostris	2770	2	2	0.00303951367781155	1316
Chaerephon_pumilus	1585	6	4	0.00314561136478945	3942
Chaerephon_pumilus	1674	4	1	0.00101471334348047	2628
Chaetodipus_penicillatus	1818	2	4	0.00608828006088280	1314
Chaetodipus_pernix	2359	7	103	0.0892947742262811	4599
Chimarrogale_himalayica	2776	2	0	0	1182
Chiroderma_doriae	1023	4	3	0.00228426513717192	2627
Chiroderma_trinitatum	1646	10	11	0.00423185113813910	6567
Chiroderma_trinitatum	1741	3	2	0.00202942668696093	1971
Chiroderma_trinitatum	1830	2	9	0.0136986301369863	1314
Chiroderma_trinitatum	1831	28	18	0.00793649621430706	18137
Chiroderma_trinitatum	1832	4	12	0.0111618467782851	2628
Chiroderma_villosum	1646	17	21	0.00859631078180243	11168
Chiroderma_villosum	1741	6	13	0.00900160205180623	3922
Chiroderma_villosum	1830	2	1	0.00152207001522070	1314
Chiroderma_villosum	1831	27	32	0.00845133589310799	17704
Chiroderma_villosum	1832	2	1	0.00152207001522070	1314
Chiroderma_villosum	1916	2	0	0	1314
Chiroderma_villosum	2273	2	1	0.00152439024390244	1313
Chodsigoa_hypsibia	2773	3	4	0.00451212633953751	1773
Chodsigoa_parca	2776	4	42	0.0360970107163001	2364
Choeroniscus_minor	1741	2	31	0.0471841704718417	1314
Choeroniscus_minor	1831	6	1	0.000817385439876472	3923
Chrotopterus_auritus	1023	3	0	0	1971
Chrotopterus_auritus	1646	2	1	0.00152671755725191	1312
Chrotopterus_auritus	1741	3	0	0	1962
Chrotopterus_auritus	1831	55	29	0.0115563898045303	36080
Chrotopterus_auritus	1832	2	0	0	1314
Chrotopterus_auritus	2273	2	0	0	1314
Chrysocyon_brachyurus	1204	38	64	0.0498798380227690	7035
Coleura_afra	1585	18	27	0.0207220381810766	11826
Coleura_afra	1675	3	5	0.00507356671740233	1971
Colomys_goslingi	1762	3	3	0.00279720279720280	2153
Condylura_cristata	2905	3	0	0	1962
Condylura_cristata	2909	4	2	0.00152207001522070	2628
Conepatus_chinga	479	2	2	0.00303951367781155	1316
Conepatus_chinga	568	4	3	0.00227963525835866	2632
Conepatus_chinga	569	3	2	0.00202634245187437	1974
Conepatus_chinga	570	3	3	0.00303951367781155	1974
Conepatus_chinga	751	3	12	0.0121580547112462	1974
Conepatus_chinga	840	2	5	0.00766871165644172	1310
Conepatus_chinga	842	3	0	0	561
Conepatus_chinga	843	2	1	0.00534759358288770	374
Conepatus_semistriatus	1202	2	0	0	374
Cormura_brevirostris	1646	6	13	0.00832064941653983	3942
Cormura_brevirostris	1741	11	128	0.0842259885861623	7226
Cormura_brevirostris	1831	31	25	0.00522561987137174	19912
Cormura_brevirostris	2005	2	2	0.00318471337579618	1285
Cricetomys_emini	1844	4	3	0.00228310502283105	2628
Cricetulus_longicaudatus	2770	12	20	0.0118414918414918	7800
Cricetus_cricetus	3017	19	1	0.000797020712063823	12590
Cricetus_cricetus	3020	2	1	0.00150375939849624	1330
Crocidura_eburnea	1934	7	24	0.0179536827028848	4907
Crocidura_goliath	1669	3	1	0.000949667616334283	2106
Crocidura_obscurior	1934	10	40	0.0284315102390220	6886
Crocidura_olivieri	1941	2	0	0	1404
Crocidura_wuchihensis	2412	4	4	0.00405885337392187	2628
Crocuta_crocuta	2811	2	2	0.0106951871657754	374
Crossarchus_obscurus	1933	6	127	0.0644342973110096	3942
Cryptotis_nigrescens	2273	2	4	0.00608828006088280	1314
Ctenomys_dorbignyi	931	2	0	0	1386
Ctenomys_pearsoni	751	4	16	0.0125060125060125	2772
Ctenomys_perrensi	841	2	1	0.00144300144300144	1386
Cuniculus_paca	1831	22	19	0.00544339710727949	14453
Cynomops_paranus	1831	6	4	0.00203438406512756	3940
Cynomops_paranus	1921	7	6	0.00290050682633376	4598
Cynomys_ludovicianus	2989	2	0	0	1309
Cynopterus_brachyotis	1695	5	3	0.00244112678164217	3280
Cynopterus_brachyotis	2052	17	10	0.00502023054052841	10889
Cynopterus_horsfieldii	1781	2	2	0.00357142857142857	1215
Cynopterus_horsfieldii	1875	3	18	0.0220906873296025	1682
Cynopterus_sphinx	1783	2	10	0.0152207001522070	1314
Cynopterus_sphinx	2052	53	45	0.00767806707604205	34807
Cynopterus_sphinx	2142	12	18	0.00915366236038336	7875
Cynopterus_sphinx	2232	5	10	0.00883311059137989	3284
Cynopterus_sphinx	2233	4	14	0.0106544901065449	2628
Cynopterus_sphinx	2412	35	33	0.00632493408407698	22910
Cynopterus_titthaecheilus	1512	2	0	0	1311
Dacnomys_millardi	2322	2	0	0	1430
Dasyprocta_leporina	1741	2	2	0.00305810397553517	1311
Dasyprocta_leporina	1831	5	1	0.000614101319526840	3263
Dasypus_kappleri	1831	2	0	0	1314
Dephomys_defua	1844	3	3	0.00304414003044140	1971
Desmodus_rotundus	1023	8	0	0	5252
Desmodus_rotundus	1646	12	9	0.00569265760519347	7866
Desmodus_rotundus	1741	32	5	0.00194577405374734	21022
Desmodus_rotundus	1829	2	0	0	1303
Desmodus_rotundus	1831	30	5	0.00159150339577424	19579
Desmodus_rotundus	1916	2	0	0	1314
Desmodus_rotundus	1921	8	1	0.000387686449919598	5181
Desmodus_rotundus	2005	4	0	0	2574
Desmodus_rotundus	2093	3	3	0.00306284442386961	1965
Desmodus_rotundus	2182	3	0	0	1971
Desmodus_rotundus	2183	6	1	0.000507356671740233	3942
Desmodus_rotundus	2273	4	1	0.00101704066766276	2625
Diaemus_youngi	1741	2	2	0.00304414003044140	1314
Diaemus_youngi	1831	2	3	0.00456621004566210	1314
Diclidurus_isabellus	1831	25	4	0.00317382514844891	16404
Dicrostonyx_groenlandicus	3259	19	15	0.00539999119744994	12477
Dicrostonyx_groenlandicus	3262	25	5	0.00130039664807523	16414
Dicrostonyx_groenlandicus	3265	51	7	0.00440325171510649	33443
Dicrostonyx_groenlandicus	3268	20	4	0.00140386198507829	13129
Dicrostonyx_groenlandicus	3346	21	2	0.000972281695451709	13792
Dicrostonyx_groenlandicus	3347	35	9	0.00200555107887907	22995
Dicrostonyx_groenlandicus	3351	20	2	0.000440831237800482	13139
Dicrostonyx_groenlandicus	3352	46	3	0.000476735774634794	30203
Dicrostonyx_groenlandicus	3354	52	10	0.00126977861539839	34137
Dicrostonyx_groenlandicus	3355	11	2	0.00132847857121162	7226
Dicrostonyx_groenlandicus	3356	6	2	0.00131912734652461	3942
Dicrostonyx_hudsonius	3086	27	1	0.000477001999072014	17739
Dicrostonyx_richardsoni	3172	71	9	0.00218680854139059	46575
Dicrostonyx_richardsoni	3173	31	3	0.000689404363450150	20324
Didelphis_albiventris	842	3	1	0.00102092904543134	1959
Didelphis_albiventris	843	5	1	0.000612557427258806	3265
Didelphis_albiventris	1114	42	7	0.00264658958118786	27426
Didelphis_albiventris	1115	40	3	0.00172183610162168	26120
Didelphis_albiventris	1205	2	0	0	1306
Didelphis_aurita	1115	8	2	0.00101274961252018	5112
Didelphis_imperfecta	1830	4	3	0.00228310502283105	2628
Didelphis_imperfecta	1831	11	7	0.00381901203819012	7227
Didelphis_marsupialis	1645	2	2	0.00304414003044140	1314
Didelphis_marsupialis	1741	7	2	0.00159454953975502	4599
Didelphis_marsupialis	1831	8	7	0.00419050861285916	5252
Didelphis_marsupialis	1915	2	5	0.00761035007610350	1314
Didelphis_marsupialis	1920	2	2	0.00304414003044140	1314
Didelphis_marsupialis	1921	4	3	0.00229130078445147	2621
Didelphis_marsupialis	2004	2	1	0.00152207001522070	1314
Didelphis_marsupialis	2182	3	16	0.0162354134956875	1971
Didelphis_marsupialis	2183	2	1	0.00152207001522070	1314
Didelphis_marsupialis	2273	6	0	0	3942
Didelphis_pernigra	1646	4	0	0	2628
Didelphis_virginiana	2273	12	0	0	7867
Didelphis_virginiana	2815	2	0	0	1314
Didelphis_virginiana	2905	4	0	0	2628
Diphylla_ecaudata	2183	2	0	0	1314
Dipodomys_compactus	2451	3	0	0	1836
Dipodomys_merriami	2628	10	9	0.00497307503516436	6569
Dipus_sagitta	2864	2	3	0.00456621004566210	1314
Dromiciops_gliroides	567	2	0	0	3084
Eidolon_helvum	1674	6	13	0.00761035007610350	3942
Eidolon_helvum	1764	10	19	0.00781329274479959	6570
Emballonura_monticola	1871	2	4	0.0147601476014760	692
Enchisthenes_hartii	1915	3	20	0.0206751975303133	1928
Eolagurus_przewalskii	2864	3	0	0	1971
Eonycteris_spelaea	2052	2	4	0.00608828006088280	1314
Eonycteris_spelaea	2142	2	0	0	1314
Eonycteris_spelaea	2412	11	8	0.00427168369665918	7219
Eospalax_fontanierii	2681	2	1	0.00178571428571429	1138
Eothenomys_chinensis	2591	6	1	0.000514403292181070	3888
Eothenomys_melanogaster	2502	2	13	0.0210016155088853	1247
Eothenomys_melanogaster	2591	2	9	0.0138888888888889	1296
Episoriculus_caudatus	2776	6	27	0.0254935138183869	3546
Episoriculus_leucops	2776	4	2	0.00169204737732657	2364
Episoriculus_macrurus	2776	6	114	0.0883248730964467	3546
Epomophorus_gambianus	1850	18	17	0.0100169923415194	12325
Epomophorus_gambianus	1941	6	18	0.0114841849148419	4110
Epomophorus_labiatus	1674	2	13	0.0198170731707317	1313
Epomophorus_wahlbergi	1585	3	0	0	1971
Epomophorus_wahlbergi	1675	5	0	0	3275
Eptesicus_bobrinskoi	3030	4	3	0.00228310502283105	2628
Eptesicus_bottae	2580	2	0	0	1314
Eptesicus_bottae	2667	2	4	0.00626959247648903	1295
Eptesicus_chiriquinus	1831	21	24	0.00602339189488818	13669
Eptesicus_furinalis	1646	3	13	0.0132036480182153	1970
Eptesicus_furinalis	1831	13	22	0.0101244486332684	8268
Eptesicus_furinalis	1920	2	3	0.00550458715596330	1202
Eptesicus_furinalis	1921	5	21	0.0151557694609391	3212
Eptesicus_furinalis	2183	2	2	0.00304414003044140	1314
Eptesicus_furinalis	2273	3	1	0.00160256410256410	1249
Eptesicus_furinalis	2274	9	137	0.0473532893624218	5913
Eptesicus_fuscus	2628	3	2	0.00202634245187437	1974
Eptesicus_fuscus	2635	2	1	0.00151975683890578	1316
Eptesicus_fuscus	2716	7	15	0.00651324359531046	4606
Eptesicus_fuscus	2726	11	2	0.00138092431042757	7133
Eptesicus_fuscus	2812	4	3	0.00243815294188691	2578
Eptesicus_fuscus	2814	7	8	0.00405268490374873	4606
Eptesicus_fuscus	2817	2	2	0.00303951367781155	1316
Eptesicus_fuscus	2895	11	6	0.00174793771621290	7189
Eptesicus_fuscus	2904	13	1	0.000604430199212622	8493
Eptesicus_fuscus	2906	43	8	0.00324095742931280	28134
Eptesicus_fuscus	2909	2	0	0	1308
Eptesicus_fuscus	2988	3	0	0	1971
Eptesicus_fuscus	2998	11	3	0.000834028356964137	7194
Eptesicus_fuscus	3073	34	57	0.00563377978380675	22236
Eptesicus_fuscus	3076	10	2	0.000611620795107034	6540
Eptesicus_fuscus	3079	11	3	0.00105643591882124	7194
Eptesicus_gobiensis	3039	2	0	0	1314
Eptesicus_nilssonii	2631	2	0	0	1112
Eptesicus_nilssonii	3045	2	2	0.00334448160535117	1230
Eptesicus_nilssonii	3111	2	0	0	1279
Eptesicus_nilssonii	3114	2	3	0.00751879699248120	1045
Eptesicus_nilssonii	3117	2	0	0	1314
Eptesicus_nilssonii	3218	3	0	0	1886
Eptesicus_serotinus	2321	2	1	0.00152207001522070	1314
Eptesicus_serotinus	2631	5	2	0.00215827338129496	2780
Eptesicus_serotinus	2936	2	0	0	775
Eptesicus_serotinus	3027	2	1	0.00179533213644524	1214
Eptesicus_serotinus	3028	2	1	0.00152207001522070	1314
Eptesicus_serotinus	3030	3	1	0.00101471334348047	1971
Eptesicus_serotinus	3114	6	50	0.0443713293157895	3574
Eremitalpa_granti	862	2	0	0	3084
Eudiscopus_denticulus	2142	14	10	0.00250509369050402	9212
Eumops_auripendulus	1831	6	2	0.00131912734652461	3942
Eumops_hansae	1831	9	7	0.00271801417689108	5799
Euryoryzomys_macconnelli	1646	23	12	0.00487257725603432	15074
Euryoryzomys_macconnelli	1741	15	27	0.0150180386968726	9813
Euryoryzomys_macconnelli	1831	2	13	0.0197869101978691	1314
Euryoryzomys_macconnelli	1832	2	2	0.00304414003044140	1314
Exilisciurus_exilis	1784	2	0	0	1314
Funisciurus_pyrropus	1934	2	0	0	1314
Furipterus_horrens	1831	4	6	0.00481988838153222	2628
Galictis_cuja	1024	2	1	0.00534759358288770	374
Glauconycteris_beatrix	1934	5	5	0.00334855403348554	3285
Glauconycteris_poensis	1934	3	7	0.00713016222811539	1966
Glischropus_tylopus	1871	2	0	0	377
Glischropus_tylopus	2142	16	13	0.00318425242437400	10164
Glossophaga_commissarisi	1916	3	0	0	1971
Glossophaga_commissarisi	2005	7	7	0.00434877147205914	4599
Glossophaga_commissarisi	2093	14	29	0.0107046682389148	9198
Glossophaga_commissarisi	2182	4	4	0.00304568684956256	2627
Glossophaga_commissarisi	2183	8	9	0.00717547292889759	5256
Glossophaga_leachii	2093	9	1	0.000338237781160156	5913
Glossophaga_longirostris	1741	13	3	0.000898108070577779	8537
Glossophaga_longirostris	1829	11	7	0.00287809602878096	7227
Glossophaga_longirostris	1831	8	2	0.000970633276045529	5044
Glossophaga_longirostris	2009	6	7	0.00507356671740233	3942
Glossophaga_soricina	1646	4	20	0.0167232870350490	2609
Glossophaga_soricina	1741	50	153	0.0211455918316425	32840
Glossophaga_soricina	1830	4	25	0.0205479452054795	2628
Glossophaga_soricina	1831	91	67	0.0146264684648559	59218
Glossophaga_soricina	1832	4	9	0.00735667174023338	2628
Glossophaga_soricina	1916	2	3	0.00456621004566210	1314
Glossophaga_soricina	1920	3	25	0.0253678335870117	1971
Glossophaga_soricina	1921	25	39	0.0134081194753680	16301
Glossophaga_soricina	2004	2	0	0	1314
Glossophaga_soricina	2093	2	2	0.00313479623824451	1295
Glossophaga_soricina	2182	12	16	0.00615746506157465	7884
Glossophaga_soricina	2183	33	31	0.00538241374217387	21660
Glossophaga_soricina	2273	4	8	0.00584858705440215	2624
Glyphonycteris_daviesi	1646	4	4	0.00304414003044140	2628
Glyphonycteris_daviesi	1831	2	9	0.0137614678899083	1311
Glyphonycteris_daviesi	1832	2	0	0	1285
Glyphonycteris_sylvestris	1831	3	13	0.0131912734652461	1971
Gracilinanus_microtarsus	1024	2	44	0.0669710806697108	1314
Gracilinanus_microtarsus	1115	4	16	0.0126839167935058	2628
Gulo_gulo	3257	4	0	0	2608
Habromys_lepturus	2181	5	7	0.00487062404870624	3285
Habromys_lophurus	2183	20	18	0.00570848411618680	13008
Handleyomys_alfaroi	2004	4	19	0.0190258751902588	2628
Handleyomys_alfaroi	2093	20	67	0.0346973012916096	13117
Handleyomys_alfaroi	2094	2	0	0	1314
Handleyomys_alfaroi	2182	17	106	0.0564061240934731	11169
Handleyomys_alfaroi	2183	2	0	0	1314
Handleyomys_alfaroi	2271	10	6	0.00348384914594960	6570
Handleyomys_alfaroi	2539	3	5	0.00507356671740233	1971
Handleyomys_melanotis	2093	2	1	0.00152207001522070	1314
Handleyomys_melanotis	2183	77	114	0.0135677028457311	50376
Handleyomys_melanotis	2273	39	20	0.00470628952619259	25616
Harpiocephalus_harpia	2232	3	3	0.00318979266347687	1937
Harpiocephalus_harpia	2321	6	12	0.00738710070948807	3926
Harpiocephalus_harpia	2412	5	5	0.00374648401826484	3253
Harpiocephalus_harpia	2502	2	1	0.00153139356814701	1306
Heimyscus_fumosus	1668	5	32	0.0220784154460808	3563
Heimyscus_fumosus	1759	2	4	0.00560224089635854	1432
Hemitragus_jemlahicus	629	2	5	0.00747384155455904	1341
Herpailurus_yagouaroundi	843	2	0	0	374
Herpestes_javanicus	1921	7	0	0	4535
Hesperoptenus_blanfordi	2142	3	3	0.00475059382422803	1263
Hesperoptenus_blanfordi	2232	3	1	0.00101471334348047	1971
Hesperoptenus_tickelli	2142	2	4	0.00656814449917898	1254
Heteromys_australis	1916	2	4	0.00608828006088280	1314
Heteromys_desmarestianus	1915	2	0	0	1253
Heteromys_desmarestianus	1916	16	2	0.00145961866917634	10508
Heteromys_desmarestianus	2004	9	2	0.00169274045525564	5910
Heteromys_desmarestianus	2005	9	13	0.0109927278877051	5913
Heteromys_desmarestianus	2093	52	33	0.0153392262661170	34135
Heteromys_desmarestianus	2183	88	36	0.0101750431574765	57745
Heteromys_desmarestianus	2273	14	0	0	9150
Heteromys_gaumeri	2183	42	23	0.00852380945954485	27549
Heteromys_gaumeri	2273	33	38	0.00748849258855687	21664
Heteromys_gaumeri	2274	13	6	0.00245872848612575	8541
Heteromys_oresterus	2005	2	0	0	1314
Hipposideros_armiger	1961	2	7	0.0120689655172414	1237
Hipposideros_armiger	2051	2	1	0.00152207001522070	1314
Hipposideros_armiger	2053	3	30	0.0357522790134368	1872
Hipposideros_armiger	2142	4	6	0.00502355412386975	2392
Hipposideros_armiger	2232	2	1	0.00161812297734628	1273
Hipposideros_armiger	2320	2	0	0	842
Hipposideros_armiger	2411	12	2	0.000876835511817136	7883
Hipposideros_armiger	2502	7	2	0.000912290060956459	4539
Hipposideros_armiger	2503	8	6	0.00224459363518608	5182
Hipposideros_cervinus	1781	11	1	0.000687656976573539	7007
Hipposideros_cervinus	1871	3	0	0	1656
Hipposideros_cervinus	1875	7	19	0.00993666896990841	4320
Hipposideros_cineraceus	1962	5	0	0	3279
Hipposideros_cineraceus	2052	3	2	0.00202634245187437	1974
Hipposideros_cineraceus	2232	2	3	0.00495867768595041	1216
Hipposideros_cineraceus	2321	5	4	0.00310725429110475	2526
Hipposideros_commersoni	1585	10	21	0.0116552674862609	6261
Hipposideros_diadema	1781	7	8	0.00431462246530740	4566
Hipposideros_diadema	1875	4	2	0.00154202487957289	2603
Hipposideros_diadema	2142	6	6	0.00511006413281206	3855
Hipposideros_dyacorum	1875	3	1	0.00176834659593280	1219
Hipposideros_galeritus	1962	5	1	0.000914636271741782	3283
Hipposideros_galeritus	2052	4	5	0.00507356671740233	2629
Hipposideros_galeritus	2142	6	9	0.00636119071491909	3432
Hipposideros_grandis	2052	3	2	0.00202634245187437	1974
Hipposideros_larvatus	1962	6	1	0.000306748466257669	3920
Hipposideros_larvatus	2052	7	2	0.00116000385378935	4598
Hipposideros_larvatus	2502	33	2	0.000885758260053510	21226
Hipposideros_lylei	1871	3	0	0	1440
Hipposideros_lylei	2320	2	1	0.00237529691211401	1047
Hipposideros_pomona	1783	2	3	0.00456621004566210	1314
Hipposideros_pomona	2052	2	15	0.0356294536817102	842
Hipposideros_pomona	2142	5	74	0.0644340207701362	3220
Hipposideros_pomona	2143	32	4	0.00145154588198138	20952
Hipposideros_pomona	2231	3	0	0	1944
Hipposideros_pomona	2232	7	12	0.00827218219250009	4597
Hipposideros_pomona	2321	5	47	0.0328915296203743	2514
Hipposideros_pomona	2322	8	3	0.00145075098906625	5195
Hipposideros_pomona	2410	3	12	0.0129346216816988	1927
Hipposideros_pomona	2412	6	0	0	3809
Hipposideros_pratti	2232	2	0	0	1183
Hipposideros_ridleyi	1871	2	1	0.00401606425702811	670
Hipposideros_rotalis	2231	5	0	0	3275
Hipposideros_ruber	1764	6	1	0.000811770674784373	3942
Hipposideros_ruber	1934	15	99	0.0582026550536092	9843
Hydropotes_inermis	2596	3	6	0.00607902735562310	1974
Hylaeamys_megacephalus	1646	2	84	0.127853881278539	1314
Hylaeamys_megacephalus	1741	42	34	0.00643480399015553	27322
Hylaeamys_megacephalus	1830	2	0	0	1309
Hylaeamys_megacephalus	1831	44	49	0.00842883041822630	28727
Hylaeamys_megacephalus	1920	4	3	0.00233312610314347	2610
Hylaeamys_megacephalus	1921	20	12	0.00367654210395524	13112
Hylaeamys_perenensis	1646	7	77	0.0378557387179979	4444
Hylaeamys_yunganus	1646	25	25	0.00730711329759943	16417
Hylaeamys_yunganus	1831	27	8	0.00151035081099733	17693
Hylaeamys_yunganus	1921	11	1	0.000500639249294929	7216
Hylomyscus_aeta	1848	3	0	0	2155
Hylomyscus_alleni	1759	6	6	0.00313797896058268	4215
Hylomyscus_alleni	1844	5	3	0.00243531202435312	3285
Hylomyscus_alleni	1850	8	0	0	5607
Hylomyscus_parvus	1668	14	102	0.0496458256965396	9899
Hylomyscus_parvus	1759	2	3	0.00422535211267606	1423
Hylomyscus_parvus	1850	3	0	0	2119
Hylomyscus_stella	1762	5	4	0.00284541212583158	3536
Hylonycteris_underwoodi	2005	3	1	0.00101781170483461	1967
Hylopetes_spadiceus	2142	8	4	0.00223745632382735	5248
Ia_io	2502	3	12	0.0122731278413969	1965
Isthmomys_pirrensis	1916	20	126	0.0200754334240906	13108
Kerivoula_hardwickii	1875	3	1	0.00107874865156419	1854
Kerivoula_hardwickii	1962	7	0	0	4591
Kerivoula_hardwickii	2052	2	82	0.124809741248097	1315
Kerivoula_intermedia	1871	5	1	0.000971660556088811	3167
Kerivoula_minuta	1781	2	0	0	1281
Kerivoula_minuta	1783	2	0	0	1236
Kerivoula_minuta	1875	4	21	0.0170567722836858	2536
Kerivoula_minuta	1960	2	0	0	1247
Kerivoula_papillosa	1871	5	19	0.00593311758360302	2636
Kerivoula_pellucida	1781	4	6	0.00522415551763908	2581
Kerivoula_pellucida	1871	5	8	0.00658691824305769	2226
Kerivoula_picta	2231	2	1	0.00237529691211401	1075
Lagostrophus_fasciatus	974	2	0	0	3084
Lampronycteris_brachyotis	2274	2	2	0.00304414003044140	1314
Lasionycteris_noctivagans	2895	7	3	0.00188160370531191	4606
Lasionycteris_noctivagans	2897	4	6	0.00531914893617021	2632
Lasiopodomys_brandtii	2954	12	0	0	7884
Lasiurus_atratus	1831	4	6	0.00458032299576053	2567
Lasiurus_blossevillii	1023	2	3	0.00458715596330275	1311
Lasiurus_blossevillii	2093	2	1	0.00152207001522070	1314
Lasiurus_blossevillii	2716	2	1	0.00151975683890578	1316
Lasiurus_borealis	2541	9	16	0.00543609063418307	5873
Lasiurus_borealis	2545	3	128	0.130192502532928	1974
Lasiurus_borealis	2635	2	3	0.00460122699386503	1310
Lasiurus_borealis	2724	6	10	0.00617582630457172	3894
Lasiurus_borealis	2726	5	10	0.00607902735562310	3290
Lasiurus_borealis	2814	2	12	0.0182648401826484	1315
Lasiurus_cinereus	2541	7	9	0.00449422687754125	4600
Lasiurus_cinereus	2628	3	2	0.00202634245187437	1974
Lasiurus_cinereus	2716	9	9	0.00367760234075429	5829
Lasiurus_cinereus	2724	4	1	0.000759878419452888	2632
Lasiurus_cinereus	2814	2	1	0.00151975683890578	1316
Lasiurus_cinereus	2895	3	4	0.00430682484336508	1914
Lasiurus_cinereus	2988	25	8	0.00312448727325149	16327
Lasiurus_cinereus	2991	4	2	0.00152207001522070	2628
Lasiurus_egregius	1831	4	6	0.00456621004566210	2628
Lasiurus_intermedius	2541	8	117	0.0582311922030241	5212
Lasiurus_intermedius	2545	5	4	0.00252546259265184	3202
Lasiurus_seminolus	2541	6	133	0.0685980548143653	3858
Lasiurus_seminolus	2545	2	2	0.00306748466257669	1310
Lasiurus_xanthinus	2628	2	0	0	1316
Lasiurus_xanthinus	2716	2	1	0.00151975683890578	1316
Lemmus_trimucronatus	3172	2	2	0.00304414003044140	1314
Lemmus_trimucronatus	3173	2	3	0.00456621004566210	1314
Lemmus_trimucronatus	3259	2	8	0.0121765601217656	1314
Lemmus_trimucronatus	3263	17	8	0.00416479342321627	11168
Lemmus_trimucronatus	3264	16	9	0.00417044071552854	10492
Lemmus_trimucronatus	3265	22	3	0.00103448048653528	14454
Lemmus_trimucronatus	3266	5	0	0	3285
Lemmus_trimucronatus	3268	21	4	0.00188763619192750	13785
Lemmus_trimucronatus	3347	2	0	0	1308
Lemmus_trimucronatus	3356	13	2	0.000936807203512850	8540
Lemur_catta	3021	3	0	0	2115
Leopardus_colocolo	1202	2	1	0.00534759358288770	374
Leopardus_geoffroyi	841	2	0	0	374
Leopardus_geoffroyi	842	2	1	0.00534759358288770	374
Leopardus_pardalis	2146	2	0	0	374
Leopardus_tigrinus	1024	3	3	0.0106951871657754	561
Leopardus_wiedii	1112	2	4	0.0228571428571429	362
Leopoldamys_edwardsi	2231	6	4	0.00256810477282150	3901
Leopoldamys_edwardsi	2322	20	121	0.0770661001706030	12816
Leopoldamys_edwardsi	2502	2	0	0	1127
Leopoldamys_milleti	2052	8	61	0.0432572458237049	5380
Leopoldamys_neilli	2231	3	13	0.0132315521628499	1965
Leopoldamys_neilli	2232	3	13	0.0135205408216329	1923
Leopoldamys_sabanus	1781	4	1	0.00101471334348047	2628
Leopoldamys_sabanus	1784	24	12	0.00357635595207750	15760
Leopoldamys_sabanus	2052	5	3	0.00172411659137323	3538
Lepus_europaeus	3109	2	0	0	3084
Lichonycteris_obscura	1646	2	1	0.00153139356814701	1306
Liomys_irroratus	2361	4	2	0.00152207001522070	2628
Liomys_irroratus	2451	2	2	0.00304414003044140	1314
Liomys_pictus	2180	17	5	0.00152311070602648	11168
Liomys_pictus	2269	189	141	0.0483655324240456	123614
Liomys_pictus	2270	174	106	0.0617420664699503	114042
Liomys_pictus	2271	10	1	0.000541180449856249	6570
Liomys_pictus	2359	60	155	0.0625448406117987	39020
Liomys_salvini	2004	14	3	0.00194237931754503	9192
Liomys_salvini	2093	38	29	0.0114208982321227	24938
Liomys_salvini	2094	2	3	0.00456621004566210	1314
Liomys_spectabilis	2270	12	0	0	7870
Lionycteris_spurrelli	1741	15	19	0.00756928422156261	9826
Lionycteris_spurrelli	1830	10	20	0.00930153898190428	6570
Lionycteris_spurrelli	1831	49	42	0.0104849138494120	31879
Lionycteris_spurrelli	1832	3	10	0.0101471334348047	1971
Lonchophylla_thomasi	1645	2	35	0.0532724505327245	1314
Lonchophylla_thomasi	1646	28	35	0.00952873673815196	18364
Lonchophylla_thomasi	1741	17	22	0.00660368311372976	11139
Lonchophylla_thomasi	1830	6	6	0.00366989276632220	3929
Lonchophylla_thomasi	1831	110	42	0.00433986343907939	72174
Lonchophylla_thomasi	1832	15	11	0.00493787069103273	9845
Lonchophylla_thomasi	1920	7	5	0.00260926288323549	4599
Lonchophylla_thomasi	1921	5	3	0.00213648359934649	3279
Lonchorhina_aurita	2274	3	126	0.128049078043850	1969
Lonchorhina_inusitata	1741	2	0	0	1229
Lonchorhina_inusitata	1831	3	3	0.00304414003044140	1971
Lonchorhina_orinocensis	1829	8	1	0.000381614825799289	5243
Lonchorhina_orinocensis	1919	2	0	0	1314
Lontra_canadensis	2994	2	1	0.00153374233128834	1309
Lontra_canadensis	3079	2	0	0	1262
Lophocebus_albigena	1669	7	1	0.000826873385012920	4092
Lophostoma_brasiliense	1741	4	3	0.00253678335870117	2628
Lophostoma_brasiliense	1921	9	13	0.00691980881872184	5875
Lophostoma_brasiliense	2183	2	1	0.00152207001522070	1314
Lophostoma_carrikeri	1831	9	10	0.00549636394385253	5913
Lophostoma_evotis	2183	5	5	0.00308237098843752	3265
Lophostoma_schulzi	1831	5	7	0.00426644358464917	3283
Lophostoma_schulzi	1832	2	3	0.00456621004566210	1314
Lophostoma_silvicolum	1646	24	26	0.00453656635158623	15760
Lophostoma_silvicolum	1741	20	35	0.00597612753344550	13140
Lophostoma_silvicolum	1831	96	49	0.00338867589780543	62876
Lophostoma_silvicolum	1832	5	0	0	3240
Lophostoma_silvicolum	1916	3	0	0	1971
Lophostoma_silvicolum	1920	3	1	0.00102406554019457	1965
Lophostoma_silvicolum	1921	16	10	0.00223236935565703	10512
Loxodonta_africana	2010	2	0	0	3090
Loxodonta_africana	3021	2	5	0.00755287009063444	1324
Lynx_lynx	3021	2	0	0	1566
Lynx_rufus	2987	2	0	0	1304
Macroglossus_minimus	1695	4	2	0.00158436259527281	2590
Macroglossus_minimus	1784	20	11	0.00245408382265553	13086
Macroglossus_minimus	2052	10	5	0.00152284421196658	6567
Macroglossus_sobrinus	2142	2	1	0.00151975683890578	1316
Macroglossus_sobrinus	2232	3	8	0.00882184064356645	1733
Macroglossus_sobrinus	2233	16	13	0.00355898373901656	10478
Macroglossus_sobrinus	2321	2	10	0.0152207001522070	1314
Macrophyllum_macrophyllum	1646	5	0	0	3278
Macrophyllum_macrophyllum	1741	4	2	0.00152207001522070	2628
Macrophyllum_macrophyllum	1831	6	3	0.00183144993493080	3937
Macrophyllum_macrophyllum	1916	3	2	0.00205602795056656	1962
Macrotis_lagotis	795	2	0	0	3084
Makalata_didelphoides	1831	22	9	0.00357307037144200	14425
Malacomys_cansdalei	1844	5	1	0.000620287125679140	3239
Marmosa_demerarae	1293	2	73	0.113707165109034	1300
Marmosa_demerarae	1646	2	0	0	1314
Marmosa_demerarae	1831	12	9	0.00311954791561250	7840
Marmosa_demerarae	1921	2	3	0.00456621004566210	1314
Marmosa_mexicana	2093	4	61	0.0476843812749659	2610
Marmosa_mexicana	2183	16	14	0.00335871019169726	10367
Marmosa_mexicana	2271	2	3	0.00464396284829721	1303
Marmosa_mexicana	2273	7	11	0.00999451257072798	4226
Marmosa_murina	1115	3	2	0.00202942668696093	1971
Marmosa_murina	1646	6	10	0.00832064941653983	3942
Marmosa_murina	1831	8	13	0.00565873065820621	5252
Marmosa_murina	1921	5	2	0.00122138543334709	3277
Marmosa_paraguayanus	1115	7	99	0.0478236360125620	4585
Marmosa_paraguayanus	1205	3	95	0.0984634904403114	1957
Marmosa_regina	1646	3	2	0.00202942668696093	1971
Marmosops_incanus	1024	2	3	0.00589390962671906	1018
Marmosops_incanus	1115	36	44	0.0136624188539037	19064
Marmosops_incanus	1205	6	30	0.0267190569744597	3202
Marmosops_invictus	1646	2	0	0	1314
Marmosops_noctivagus	1646	2	121	0.184451219512195	1313
Marmosops_parvidens	1831	2	10	0.0152207001522070	1314
Marmosops_parvidens	1832	6	5	0.00294266869609335	3942
Marmosops_pinheiroi	1831	6	4	0.00296808256002357	3919
Marmota_monax	2905	2	1	0.00157232704402516	1277
Martes_americana	2986	3	3	0.00304414003044140	1971
Martes_americana	2992	7	0	0	4372
Martes_americana	2996	2	0	0	1314
Martes_pennanti	2716	3	0	0	4626
Martes_pennanti	2897	2	3	0.00194552529182879	3084
Martes_pennanti	2902	2	1	0.000648508430609598	3084
Martes_pennanti	2910	2	0	0	1126
Martes_pennanti	3074	2	0	0	3084
Martes_pennanti	3079	2	0	0	1304
Mastomys_erythroleucus	1933	2	0	0	1436
Mastomys_erythroleucus	2030	2	4	0.00579710144927536	1414
Mastomys_natalensis	1221	2	4	0.00558659217877095	1437
Mastomys_natalensis	1669	2	1	0.00138504155124654	1446
Mastomys_natalensis	1850	6	6	0.00259114312719049	4278
Mastomys_natalensis	1933	3	4	0.00231936348441203	2157
Mastomys_natalensis	2119	2	3	0.00427350427350427	1417
Maxomys_bartelsii	1512	32	0	0	21010
Maxomys_moi	2143	9	0	0	5907
Maxomys_ochraceiventer	1784	7	75	0.0326157860404436	4599
Maxomys_rajah	1784	50	111	0.0148613469221074	32848
Maxomys_surifer	1784	34	17	0.00573787156888497	22326
Maxomys_surifer	2051	4	2	0.00180647898085181	2392
Maxomys_surifer	2142	3	0	0	1963
Maxomys_surifer	2231	2	0	0	1236
Maxomys_whiteheadi	1695	12	28	0.0155351583606268	7805
Maxomys_whiteheadi	1781	2	7	0.0107033639143731	1311
Maxomys_whiteheadi	1784	37	34	0.00804608612011431	24291
Mazama_americana	1831	4	4	0.00304414003044140	2628
Mazama_gouazoubira	1831	3	3	0.00304723366868372	1970
Megaderma_lyra	1871	2	0	0	382
Megaderma_lyra	2052	7	3	0.00159543478585620	4597
Megaderma_lyra	2142	2	0	0	842
Megaderma_spasma	2052	7	9	0.00479901294243823	4594
Megaerops_ecaudatus	1781	2	15	0.0228310502283105	1314
Megaerops_niphanae	2052	4	12	0.00938609842719432	2628
Megaerops_niphanae	2142	27	28	0.00667382888827142	17670
Megaerops_niphanae	2143	2	4	0.00608828006088280	1314
Megaerops_niphanae	2231	3	7	0.00711693603045689	1969
Megaerops_niphanae	2232	3	5	0.00650335744894320	1731
Megaerops_wetmorei	1871	2	7	0.0166270783847981	1078
Melanomys_caliginosus	1736	3	0	0	1969
Meles_anakuma	2780	2	0	0	3084
Mephitis_mephitis	2905	2	20	0.0304414003044140	1314
Meriones_meridianus	2770	5	7	0.00492307692307692	3250
Meriones_meridianus	2863	9	6	0.00380517503805175	5913
Mesocricetus_auratus	2994	5	0	0	3285
Mesomys_hispidus	1646	7	11	0.00724795245343191	4599
Mesophylla_macconnelli	1646	19	14	0.00453870418330144	12126
Mesophylla_macconnelli	1741	6	13	0.00781329274479959	3942
Mesophylla_macconnelli	1831	14	18	0.00870696994544832	9063
Mesophylla_macconnelli	1921	2	4	0.00609756097560976	1313
Metachirus_nudicaudatus	1115	6	7	0.00487340832312433	3941
Metachirus_nudicaudatus	1831	4	6	0.00456621004566210	2628
Micromys_minutus	2591	4	1	0.000775193798449612	2580
Micromys_minutus	2682	2	6	0.00930232558139535	1290
Micronycteris_brosseti	1831	2	1	0.00152905198776758	1311
Micronycteris_brosseti	1921	2	1	0.00152207001522070	1314
Micronycteris_hirsuta	1831	4	2	0.00152516837657484	2626
Micronycteris_megalotis	1645	2	17	0.0258751902587519	1314
Micronycteris_megalotis	1646	4	17	0.0129375951293760	2628
Micronycteris_megalotis	1741	3	31	0.0362891704950719	1881
Micronycteris_megalotis	1830	3	37	0.0376917151060999	1966
Micronycteris_megalotis	1831	32	68	0.0324238351012626	20932
Micronycteris_megalotis	1916	2	1	0.00152207001522070	1314
Micronycteris_megalotis	2274	2	0	0	1314
Micronycteris_microtis	1023	2	3	0.00458015267175573	1310
Micronycteris_minuta	1646	6	4	0.00233384069000507	3942
Micronycteris_minuta	1741	2	0	0	1307
Micronycteris_minuta	1831	15	17	0.0133598297742718	9832
Micropteropus_pusillus	1850	20	22	0.00878985785631963	13700
Micropteropus_pusillus	1940	54	55	0.00958851703928119	36990
Micropteropus_pusillus	1941	22	28	0.00969444181123015	15070
Microtus_agrestis	3129	2	5	0.00768049155145929	1308
Microtus_arvalis	3206	2	0	0	1314
Microtus_guatemalensis	2183	3	1	0.00103199174406605	1951
Microtus_hyperboreus	3328	5	2	0.00121765601217656	3285
Microtus_limnophilus	2770	9	9	0.00623931623931624	5850
Microtus_longicaudus	2986	5	7	0.00487271225451981	3284
Microtus_longicaudus	2987	4	7	0.00618987528737847	2602
Microtus_maximowiczii	3139	4	1	0.00101471334348047	2628
Microtus_middendorffii	3303	5	1	0.000680001162892113	3215
Microtus_middendorffii	3309	8	2	0.00103283322461405	5256
Microtus_middendorffii	3319	3	4	0.00405885337392187	1971
Microtus_mongolicus	3045	2	0	0	1314
Microtus_ochrogaster	2987	4	104	0.0797220663856084	2614
Microtus_pennsylvanicus	2905	14	29	0.0168775472172598	9078
Microtus_pennsylvanicus	2906	16	14	0.00416032470826991	10512
Microtus_pennsylvanicus	2908	5	7	0.00547945205479452	3285
Microtus_pennsylvanicus	2909	8	6	0.00235101700129161	5213
Microtus_pennsylvanicus	2910	5	10	0.00732463306566619	3283
Microtus_pennsylvanicus	2987	32	29	0.0102349263349847	21023
Microtus_pennsylvanicus	3172	30	9	0.00241781696670693	19710
Microtus_pennsylvanicus	3178	9	0	0	5882
Millardia_meltada	2045	11	0	0	7655
Mimon_bennettii	1831	3	0	0	1971
Mimon_cozumelae	2183	3	1	0.00102017718456075	1964
Mimon_cozumelae	2273	4	2	0.00185723002954938	2563
Mimon_cozumelae	2274	2	113	0.171993911719939	1314
Mimon_crenulatum	1646	8	19	0.00804168390792081	5228
Mimon_crenulatum	1741	8	11	0.00745133154609433	5255
Mimon_crenulatum	1830	3	0	0	1971
Mimon_crenulatum	1831	49	39	0.0117918424718832	32006
Mimon_crenulatum	1832	7	1	0.000883908609790519	4557
Mimon_crenulatum	1921	8	0	0	5249
Miniopterus_inflatus	1675	11	5	0.00260648876176813	7217
Miniopterus_inflatus	1764	12	3	0.000968590009685900	7884
Miniopterus_magnater	2052	14	15	0.00626373703216096	9190
Miniopterus_magnater	2232	9	20	0.00874109473175517	5846
Miniopterus_magnater	2321	2	0	0	1027
Miniopterus_magnater	2412	3	6	0.00608828006088280	1971
Miniopterus_minor	1585	26	27	0.00559415339212476	17078
Miniopterus_minor	1586	5	18	0.0112977099236641	3275
Miniopterus_natalensis	1674	9	7	0.00380517503805175	5913
Miniopterus_natalensis	1764	8	6	0.00277234181343770	5256
Miniopterus_pusillus	2052	3	1	0.00101471334348047	1971
Miniopterus_pusillus	2142	2	1	0.00152671755725191	1312
Miniopterus_schreibersii	2631	5	1	0.000719748525503921	2779
Miniopterus_schreibersii	2936	3	1	0.00102722136620442	1963
Molossops_neglectus	1831	11	5	0.00178116055821400	7204
Molossops_temminckii	1646	5	2	0.00182648401826484	3285
Molossus_coibensis	1646	7	3	0.00130884992969478	4593
Molossus_molossus	1556	6	4	0.00443781722100449	3098
Molossus_molossus	1645	10	25	0.0102660684856848	5618
Molossus_molossus	1646	38	35	0.00608418470761762	22771
Molossus_molossus	1736	5	8	0.00614203454894434	2605
Molossus_molossus	1741	8	8	0.00388662509584463	5207
Molossus_molossus	1829	3	1	0.00106523955147808	1914
Molossus_molossus	1830	4	6	0.00460717673344237	2615
Molossus_molossus	1831	92	30	0.00413017529773510	60218
Molossus_molossus	1832	5	5	0.00304763101671484	3282
Molossus_molossus	1921	13	11	0.00367081682275851	8538
Molossus_rufus	1646	9	77	0.0279363470254714	5777
Molossus_rufus	1831	30	30	0.00779046470878145	19623
Molossus_rufus	2093	10	13	0.00639269406392694	6570
Monodelphis_americana	1115	7	14	0.00652315720808872	4599
Monodelphis_brevicaudata	1831	8	11	0.00600385272560903	5240
Monodelphis_brevicaudata	1921	2	0	0	1314
Mormoops_megalophylla	2183	5	0	0	3285
Moschus_berezovskii	2591	4	7	0.00455927051671733	4400
Moschus_berezovskii	2592	2	3	0.00455927051671733	1316
Muntiacus_crinifrons	2595	3	2	0.00202634245187437	1974
Murina_aenea	1781	2	1	0.00237529691211401	1078
Murina_aurata	2143	4	1	0.00118764845605701	2392
Murina_aurata	2322	2	8	0.0190023752969121	1078
Murina_aurata	2412	7	2	0.000869754294411829	4599
Murina_aurata	2502	3	2	0.00205612573280194	1954
Murina_cyclotis	2232	8	45	0.0281302964216882	5254
Murina_cyclotis	2412	42	38	0.00978396913721940	27254
Murina_hilgendorfi	2957	2	2	0.00304414003044140	1314
Murina_hilgendorfi	2959	7	3	0.00302165048496157	3736
Murina_hilgendorfi	3037	2	2	0.00315457413249211	1291
Murina_huttoni	2232	2	0	0	1314
Murina_huttoni	2594	6	3	0.00138276810499668	3875
Murina_leucogaster	2412	11	0	0	7211
Murina_suilla	1875	3	28	0.0284119736174531	1971
Murina_tubinaris	2143	4	9	0.00693822102732614	2613
Murina_tubinaris	2232	3	3	0.00369847543760587	1566
Murina_tubinaris	2321	2	8	0.0190023752969121	1078
Murina_tubinaris	2322	4	26	0.0195253985642168	2392
Murina_tubinaris	2412	11	4	0.00110934899956425	7213
Murina_ussuriensis	2869	3	0	0	1962
Murina_ussuriensis	2959	2	3	0.00456621004566210	1314
Murina_ussuriensis	2961	2	1	0.00152207001522070	1314
Mustela_erminea	2910	4	0	0	2631
Mustela_erminea	2987	3	2	0.00205774426863946	1959
Mustela_frenata	2987	2	0	0	1122
Mustela_nivalis	2987	2	5	0.00768049155145929	1308
Myodes_gapperi	2905	16	14	0.00520054185381757	10504
Myodes_gapperi	2906	3	3	0.00308832661460540	1957
Myodes_gapperi	2908	4	2	0.00204109900302858	2618
Myodes_gapperi	2909	8	12	0.00439099285171834	4833
Myodes_gapperi	2910	2	11	0.0168195718654434	1312
Myodes_gapperi	2986	6	7	0.00428435398297691	3863
Myodes_gapperi	2987	11	3	0.00121977825146159	7222
Myodes_gapperi	2992	40	9	0.00168585655499878	25827
Myodes_gapperi	2994	7	8	0.00492860766833370	4599
Myodes_gapperi	3172	12	2	0.00106083667727503	7884
Myodes_glareolus	3206	2	0	0	1314
Myodes_rufocanus	2957	33	34	0.00621803934538151	21632
Myodes_rufocanus	2959	2	11	0.0167427701674277	1314
Myodes_rufocanus	2960	2	4	0.00608828006088280	1314
Myodes_rufocanus	2961	17	10	0.00398424209866595	11169
Myodes_rufocanus	3037	8	7	0.00266362252663623	5256
Myodes_rufocanus	3042	2	1	0.00152207001522070	1314
Myodes_rufocanus	3044	2	4	0.00608828006088280	1314
Myodes_rufocanus	3045	3	0	0	1971
Myodes_rufocanus	3049	4	10	0.00786402841197362	2628
Myodes_rufocanus	3051	6	1	0.000512032770097286	3906
Myodes_rufocanus	3128	3	5	0.00507820717476581	1970
Myodes_rufocanus	3129	3	0	0	1971
Myodes_rufocanus	3136	14	23	0.00948640773264743	9190
Myodes_rufocanus	3140	37	5	0.00133466800133469	24309
Myodes_rufocanus	3145	8	6	0.00228310502283105	5256
Myodes_rufocanus	3218	18	24	0.00789884700709305	11826
Myodes_rufocanus	3225	16	16	0.00629821539427364	10508
Myodes_rufocanus	3231	8	3	0.00168514894542292	5256
Myodes_rufocanus	3233	13	18	0.00468329235452523	8541
Myodes_rufocanus	3234	5	2	0.00121765601217656	3285
Myodes_rufocanus	3294	10	3	0.000913242009132420	6570
Myodes_rufocanus	3302	3	1	0.00101471334348047	1971
Myodes_rufocanus	3329	2	3	0.00456621004566210	1314
Myodes_rutilus	3047	21	14	0.00322177437770911	13602
Myodes_rutilus	3261	5	0	0	3285
Myomyscus_verreauxii	770	2	1	0.00141843971631206	1429
Myonycteris_angolensis	1764	11	18	0.00958010514007586	7225
Myonycteris_angolensis	1934	4	7	0.00686274509803922	2720
Myospalax_psilurus	3047	2	0	0	1314
Myotis_adversus	2416	2	3	0.00457317073170732	1313
Myotis_albescens	1741	13	17	0.00792578709550371	8539
Myotis_albescens	1831	14	15	0.00907032874251811	9138
Myotis_alcathoe	2839	4	0	0	2581
Myotis_annamiticus	2232	6	0	0	2522
Myotis_annectans	2142	2	0	0	1302
Myotis_annectans	2232	2	0	0	1290
Myotis_ater	2052	5	11	0.00700152207001522	3285
Myotis_aurascens	2757	2	0	0	1314
Myotis_austroriparius	2545	3	3	0.00303951367781155	1974
Myotis_bechsteinii	2631	3	2	0.00239808153477218	1668
Myotis_bechsteinii	2839	2	1	0.00179856115107914	1112
Myotis_bechsteinii	2927	2	0	0	1301
Myotis_blythii	2270	3	1	0.00119904076738609	1668
Myotis_blythii	2631	3	21	0.0251798561151079	1668
Myotis_blythii	2757	2	4	0.00616332819722650	1306
Myotis_blythii	2839	2	1	0.00179856115107914	1112
Myotis_blythii	2852	2	5	0.00763358778625954	1312
Myotis_blythii	2927	2	0	0	1314
Myotis_blythii	2935	2	4	0.00620155038759690	1302
Myotis_blythii	3036	4	0	0	2628
Myotis_bombinus	2959	4	4	0.00376700281425891	2435
Myotis_brandtii	2935	7	4	0.00162934521282368	4469
Myotis_brandtii	2936	2	0	0	1314
Myotis_brandtii	2961	8	1	0.000837815280612421	5198
Myotis_brandtii	3037	4	2	0.00152984447493189	2622
Myotis_brandtii	3042	5	0	0	3285
Myotis_brandtii	3114	10	1	0.000478468899521531	6214
Myotis_brandtii	3115	3	0	0	1898
Myotis_brandtii	3117	4	2	0.00161857807777998	2523
Myotis_brandtii	3118	2	0	0	1172
Myotis_brandtii	3128	3	0	0	1489
Myotis_brandtii	3136	2	1	0.00152207001522070	1314
Myotis_brandtii	3204	2	1	0.00154320987654321	1305
Myotis_californicus	2716	4	7	0.00531914893617021	2632
Myotis_californicus	2895	2	2	0.00303951367781155	1316
Myotis_californicus	2897	2	2	0.00303951367781155	1316
Myotis_capaccinii	2631	3	0	0	1668
Myotis_chinensis	2320	2	1	0.00160256410256410	1281
Myotis_ciliolabrum	2988	2	0	0	1235
Myotis_dasycneme	3037	2	2	0.00304414003044140	1314
Myotis_dasycneme	3115	3	3	0.00440143766862497	1742
Myotis_daubentonii	2502	2	0	0	1314
Myotis_daubentonii	2631	5	4	0.00359874262751961	2779
Myotis_daubentonii	2927	3	0	0	1966
Myotis_daubentonii	2935	12	14	0.00751260966657290	7403
Myotis_daubentonii	3026	3	0	0	1730
Myotis_daubentonii	3114	7	0	0	4599
Myotis_daubentonii	3115	8	2	0.000766395588777758	5248
Myotis_daubentonii	3117	3	2	0.00179161508154197	1817
Myotis_elegans	2093	3	1	0.00101471334348047	1971
Myotis_elegans	2183	3	4	0.00405885337392187	1971
Myotis_emarginatus	1767	2	0	0	1112
Myotis_emarginatus	2631	3	0	0	1668
Myotis_emarginatus	2839	2	0	0	1112
Myotis_emarginatus	2935	3	0	0	1735
Myotis_evotis	2895	2	13	0.0197568389057751	1316
Myotis_frater	3036	3	0	0	1971
Myotis_frater	3037	2	0	0	1314
Myotis_frater	3041	2	1	0.00152207001522070	1314
Myotis_gomantongensis	1875	2	1	0.00152207001522070	1314
Myotis_hasseltii	2052	14	8	0.00309839963769308	9168
Myotis_horsfieldii	1875	3	0	0	1721
Myotis_horsfieldii	2053	3	6	0.00490822497695697	1737
Myotis_horsfieldii	2142	5	3	0.00204980445615859	2871
Myotis_horsfieldii	2412	2	1	0.00237529691211401	1078
Myotis_ikonnikovi	2868	3	4	0.00406426724084593	1970
Myotis_ikonnikovi	2957	5	1	0.000608828006088280	3285
Myotis_ikonnikovi	2961	3	0	0	1845
Myotis_ikonnikovi	3051	2	0	0	1309
Myotis_keaysi	2093	17	18	0.00662727275203117	11167
Myotis_keaysi	2183	2	3	0.00456621004566210	1314
Myotis_keaysi	2273	5	13	0.0131342374613954	2725
Myotis_keaysi	2274	4	5	0.00380517503805175	2628
Myotis_keenii	3075	6	2	0.00129198966408269	3096
Myotis_laniger	2411	2	9	0.0169491525423729	1188
Myotis_lucifugus	2904	2	1	0.00151975683890578	1316
Myotis_lucifugus	3073	15	16	0.00675526024363235	7740
Myotis_montivagus	2232	3	2	0.00258321388756171	1790
Myotis_montivagus	2321	2	3	0.00463678516228748	1304
Myotis_montivagus	2411	7	0	0	4583
Myotis_montivagus	2412	6	5	0.00284119736174531	3942
Myotis_muricola	2052	14	52	0.0245408688178393	9206
Myotis_muricola	2053	2	1	0.00152207001522070	1315
Myotis_muricola	2142	9	43	0.0304384445791227	5918
Myotis_muricola	2412	3	91	0.0941415834926955	1953
Myotis_myotis	2631	10	20	0.0193445243804956	5560
Myotis_myotis	2752	2	2	0.00304414003044140	1314
Myotis_myotis	2839	4	3	0.00270541689392169	2222
Myotis_myotis	2842	2	0	0	1300
Myotis_myotis	2927	2	4	0.00623052959501558	1299
Myotis_mystacinus	2502	6	0	0	3942
Myotis_mystacinus	2838	2	3	0.00540540540540541	1111
Myotis_mystacinus	2927	2	0	0	1303
Myotis_mystacinus	2935	3	99	0.100456621004566	1972
Myotis_mystacinus	2936	2	0	0	1236
Myotis_mystacinus	3019	2	1	0.00154083204930663	1305
Myotis_mystacinus	3117	4	3	0.00271739130434783	2514
Myotis_nattereri	2270	2	6	0.0107913669064748	1112
Myotis_nattereri	2631	8	5	0.00340441932168551	4448
Myotis_nattereri	2665	2	1	0.00159489633173844	1284
Myotis_nattereri	2839	11	7	0.00307390451275343	6116
Myotis_nattereri	3115	2	0	0	1310
Myotis_nigricans	1646	7	0	0	4599
Myotis_pilosus	2232	5	1	0.000625000000000000	3263
Myotis_pilosus	2502	3	0	0	1971
Myotis_punicus	2838	4	0	0	2325
Myotis_riparius	1646	23	82	0.0337312953047109	14594
Myotis_riparius	1741	4	6	0.00507356671740233	2628
Myotis_rosseti	2052	8	6	0.00442296207256308	5003
Myotis_ruber	1023	3	0	0	1964
Myotis_schaubi	2757	2	0	0	1314
Myotis_siligorensis	2053	3	0	0	1971
Myotis_siligorensis	2232	14	22	0.0126281237060058	8937
Myotis_siligorensis	2321	4	10	0.0113076666293079	2392
Myotis_siligorensis	2322	2	19	0.0311986863711002	1266
Myotis_siligorensis	2411	8	2	0.00100481412100844	5020
Myotis_siligorensis	2412	6	9	0.00584909762991955	3705
Myotis_siligorensis	2502	6	11	0.00609872563941863	3693
Myotis_siligorensis	2503	2	2	0.00478468899521531	839
Myotis_velifer	2093	2	1	0.00152207001522070	1314
Myotis_velifer	2628	2	8	0.0121580547112462	1316
Myotis_yumanensis	2716	6	4	0.00354609929078014	3948
Myrmecobius_fasciatus	795	2	0	0	3078
Nanonycteris_veldkampii	1934	6	8	0.00436326737696601	3942
Napaeozapus_insignis	2908	3	1	0.00101471334348047	1971
Natalus_stramineus	2273	9	6	0.00307413155783491	5662
Neacomys_guianae	1741	3	3	0.00305577665135287	1968
Neacomys_guianae	1831	6	5	0.00457553359858841	3938
Neacomys_paracou	1741	2	5	0.00792393026941363	1288
Neacomys_paracou	1831	9	13	0.0101471334348047	5913
Neacomys_paracou	1832	5	1	0.000913242009132420	3285
Neacomys_paracou	1920	3	1	0.00101471334348047	1971
Neacomys_spinosus	1645	2	0	0	1314
Neacomys_spinosus	1646	28	17	0.00742569421749077	18335
Necromys_urichi	1830	52	4	0.00196872272084152	34074
Nectogale_elegans	2776	4	4	0.00366610265087423	2364
Nectomys_squamipes	1646	8	165	0.106946225007727	5210
Neodon_irene	2681	3	13	0.00699488835082055	4323
Neodon_irene	2770	6	12	0.00646153846153846	3900
Neoromicia_brunnea	1934	2	2	0.00305810397553517	1311
Neoromicia_nana	1934	3	0	0	1971
Neotetracus_sinensis	2592	2	0	0	3084
Neotoma_cinerea	2987	8	8	0.00425124674624424	5246
Neotomodon_alstoni	2009	20	10	0.00307233314782228	13098
Neovison_vison	2905	3	2	0.00208110615647864	1943
Nephelomys_albigularis	1916	2	0	0	1309
Nephelomys_albigularis	2004	18	8	0.00310162003892340	11814
Nephelomys_albigularis	2005	13	6	0.00387433796752274	8527
Neurotrichus_gibbsii	2985	3	0	0	1967
Niviventer_andersoni	2591	3	71	0.0733850129198966	1935
Niviventer_confucianus	2412	43	152	0.0443567523610984	28081
Niviventer_confucianus	2502	25	23	0.00793644883126974	16191
Niviventer_confucianus	2503	2	6	0.00914634146341463	1313
Niviventer_confucianus	2591	5	90	0.0573643410852713	3225
Niviventer_confucianus	2592	19	11	0.00575812553223543	12348
Niviventer_confucianus	2594	34	18	0.00507784606071218	22110
Niviventer_confucianus	2770	4	1	0.000769230769230769	2600
Niviventer_cremoriventer	1695	5	9	0.00639269406392694	3285
Niviventer_cremoriventer	1784	5	6	0.00456621004566210	3285
Niviventer_excelsior	2591	5	1	0.000620155038759690	3225
Niviventer_fulvescens	2231	6	11	0.00643460956346453	3861
Niviventer_fulvescens	2412	21	7	0.00268214370828106	13748
Niviventer_fulvescens	2502	5	3	0.00182648401826484	3285
Niviventer_fulvescens	2591	8	5	0.00337763012181617	5160
Niviventer_langbianis	2232	3	17	0.0182610091007038	1926
Noctilio_leporinus	1741	11	10	0.00459557148498011	7226
Noctilio_leporinus	1831	5	3	0.00185849016344471	3270
Noctilio_leporinus	1916	2	0	0	1314
Noctilio_leporinus	1921	12	8	0.00250765601557511	7802
Noctilio_leporinus	2182	3	0	0	1950
Nyctalus_leisleri	1767	2	0	0	1112
Nyctalus_leisleri	2631	4	1	0.000899280575539568	2224
Nyctalus_leisleri	2936	2	2	0.00304414003044140	1314
Nycteris_grandis	1844	2	3	0.00456621004566210	1314
Nycteris_hispida	1585	3	0	0	1971
Nycteris_tragata	1781	4	5	0.00454479089569682	2367
Nycticebus_bengalensis	2780	3	0	0	4626
Nycticeius_humeralis	2545	2	1	0.00151975683890578	1316
Nyctinomops_laticaudatus	2273	17	5	0.00129313710365131	11084
Nyctomys_sumichrasti	2093	6	146	0.113952308472856	3942
Ochotona_alpina	3037	10	5	0.00208886946533314	6519
Ochotona_cansus	2770	10	18	0.00552995391705069	6510
Ochotona_dauurica	2954	4	10	0.00837138508371385	2628
Ochotona_hyperborea	3129	3	3	0.00304414003044140	1971
Ochotona_hyperborea	3137	2	2	0.00529100529100529	799
Ochotona_hyperborea	3308	8	2	0.00118805241811689	4968
Ochotona_hyperborea	3320	2	0	0	842
Ochotona_pallasi	2948	5	9	0.00684931506849315	2924
Ochotona_pallasi	2950	2	0	0	1078
Ochotona_pallasi	3038	5	1	0.000456621004566210	3049
Ochotona_pallasi	3040	2	2	0.00475059382422803	1078
Ochotona_turuchanensis	3308	8	3	0.00196094450998687	5248
Odocoileus_hemionus	2986	3	4	0.00408997955010225	1956
Odocoileus_hemionus	2987	2	3	0.00460122699386503	1304
Odocoileus_hemionus	3076	2	0	0	1304
Odocoileus_virginianus	2905	3	18	0.0184049079754601	1956
Odocoileus_virginianus	2986	6	1	0.000511247443762781	3912
Odocoileus_virginianus	2987	3	7	0.00715746421267894	1961
Odocoileus_virginianus	3076	2	3	0.00460122699386503	1304
Odocoileus_virginianus	3079	2	2	0.00306748466257669	1304
Oecomys_auyantepui	1741	8	6	0.00402943578503668	5176
Oecomys_auyantepui	1830	5	3	0.00182648401826484	3285
Oecomys_auyantepui	1831	22	116	0.0217221751281866	14366
Oecomys_auyantepui	1832	7	9	0.00565340291367689	4599
Oecomys_bicolor	1646	7	21	0.0108787788791130	4597
Oecomys_bicolor	1831	6	4	0.00295253396471053	3933
Oecomys_bicolor	1920	4	11	0.00938609842719432	2628
Oecomys_concolor	1646	7	123	0.0816119446256433	4599
Oecomys_roberti	1831	2	0	0	1314
Oecomys_rutilus	1741	2	1	0.00158478605388273	1288
Oecomys_rutilus	1831	18	17	0.00536069747660792	11785
Oecomys_rutilus	1920	2	1	0.00152207001522070	1314
Oligoryzomys_fulvescens	1829	2	1	0.00152207001522070	1314
Oligoryzomys_fulvescens	1831	2	0	0	1314
Oligoryzomys_fulvescens	2005	2	0	0	1314
Oligoryzomys_fulvescens	2182	10	21	0.0120395108367426	6507
Oligoryzomys_fulvescens	2183	12	10	0.00328356697408354	7839
Oligoryzomys_fulvescens	2271	2	4	0.00617283950617284	1305
Oligoryzomys_fulvescens	2272	2	3	0.00456621004566210	1314
Oligoryzomys_fulvescens	2273	13	11	0.00386580062889033	8538
Oligoryzomys_fulvescens	2361	3	0	0	1971
Onychomys_leucogaster	2628	7	64	0.0548951865542428	4590
Oreamnos_americanus	2986	4	1	0.000761035007610350	2628
Orthogeomys_heterodus	2005	2	1	0.00152207001522070	1314
Orthogeomys_hispidus	2273	10	1	0.000304414003044140	6570
Oryx_gazella	862	2	0	0	3084
Oryzomys_couesi	2004	3	2	0.00207071291687567	1945
Oryzomys_couesi	2182	37	41	0.0169748332038947	24265
Oryzomys_couesi	2183	39	27	0.00679425903501583	25237
Oryzomys_couesi	2269	13	18	0.0107264822323534	8491
Oryzomys_couesi	2270	6	3	0.00152207001522070	3942
Oryzomys_couesi	2271	8	10	0.00408614719534017	5246
Oryzomys_couesi	2272	3	5	0.00518403317781234	1947
Oryzomys_couesi	2273	82	30	0.00572317772594116	53728
Oryzomys_couesi	2274	9	13	0.00769878247308622	5911
Oryzomys_couesi	2359	2	1	0.00156494522691706	1296
Oryzomys_couesi	2361	8	4	0.00239182430963253	5256
Osgoodomys_banderanus	2180	4	3	0.00279046169457128	2628
Osgoodomys_banderanus	2269	10	35	0.0164087087978947	6569
Osgoodomys_banderanus	2270	16	2	0.000382921001488930	10452
Otomops_martiensseni	1675	19	2	0.000320435792678042	12483
Otonyctomys_hatti	2183	3	1	0.00101471334348047	1971
Ototylomys_phyllotis	2093	5	11	0.00976498680407189	3282
Ototylomys_phyllotis	2182	8	4	0.00152440142352054	5249
Ototylomys_phyllotis	2183	81	52	0.00756811379077051	53170
Ototylomys_phyllotis	2273	81	30	0.00810766425337540	52906
Ototylomys_phyllotis	2274	3	7	0.00710299340436327	1971
Ovibos_moschatus	3344	8	0	0	5256
Pan_troglodytes	1671	2	2	0.00129954515919428	3078
Papio_cynocephalus	862	2	0	0	3132
Papio_ursinus	1495	2	0	0	3132
Pappogeomys_bulleri	2269	12	157	0.0329167157960932	18504
Pappogeomys_bulleri	2270	5	129	0.0394293125810636	7710
Penthetor_lucasi	1784	21	44	0.0190713191523339	13787
Peromyscus_aztecus	2093	23	44	0.0160624152462971	15101
Peromyscus_aztecus	2271	7	151	0.0828652965261662	4595
Peromyscus_grandis	2093	67	50	0.0194356479360354	43796
Peromyscus_guatemalensis	2183	46	26	0.00614958473053327	30094
Peromyscus_gymnotis	2182	18	10	0.00228850437313201	11824
Peromyscus_leucopus	2273	42	4	0.000730280844803894	27568
Peromyscus_leucopus	2905	12	5	0.00233144989334508	7882
Peromyscus_leucopus	2906	31	4	0.00103107491751946	20340
Peromyscus_leucopus	2909	2	0	0	1314
Peromyscus_leucopus	2910	13	2	0.000253818955790222	8139
Peromyscus_levipes	2093	3	0	0	1955
Peromyscus_levipes	2182	4	3	0.00230148818119530	2615
Peromyscus_levipes	2183	9	7	0.00409543339674870	5887
Peromyscus_maniculatus	2628	6	24	0.0124419029246615	3922
Peromyscus_maniculatus	2805	2	25	0.0391236306729265	1296
Peromyscus_maniculatus	2905	5	3	0.00213089802130898	3285
Peromyscus_maniculatus	2906	11	90	0.0519338325379231	7212
Peromyscus_maniculatus	2985	2	0	0	1314
Peromyscus_maniculatus	2986	3	3	0.00305581234650904	1966
Peromyscus_maniculatus	2987	20	4	0.00138960649773200	13117
Peromyscus_maniculatus	2988	3	3	0.00304414003044140	1971
Peromyscus_maniculatus	2992	3	3	0.00313771762949406	1946
Peromyscus_maniculatus	2995	5	3	0.00182648401826484	3285
Peromyscus_mayensis	2183	14	4	0.00161559885235547	9171
Peromyscus_megalops	2181	3	1	0.00101471334348047	1971
Peromyscus_melanocarpus	2271	5	98	0.0636045787968421	3281
Peromyscus_melanotis	2009	7	47	0.0340088670713236	4591
Peromyscus_mexicanus	2004	70	24	0.00704293148581324	45773
Peromyscus_mexicanus	2005	8	2	0.000761200738230474	5255
Peromyscus_mexicanus	2093	97	31	0.0122123599566434	63567
Peromyscus_mexicanus	2182	81	106	0.0169874407651417	53207
Peromyscus_mexicanus	2183	43	66	0.0428364659864885	27906
Peromyscus_mexicanus	2271	2	0	0	1314
Peromyscus_stirtoni	2004	4	0	0	2628
Peromyscus_stirtoni	2093	18	4	0.00290402185413217	11730
Peromyscus_yucatanicus	2182	42	28	0.00763098876831493	27546
Peromyscus_yucatanicus	2183	3	3	0.00304414003044140	1971
Peromyscus_yucatanicus	2273	92	50	0.0106520646965112	60343
Peromyscus_yucatanicus	2274	34	20	0.00638138589025807	22273
Peromyscus_yucatanicus	2626	6	2	0.00164504709650580	3922
Peromyscus_zarhynchus	2182	15	20	0.00743099652582687	9845
Peromyscus_zarhynchus	2271	31	3	0.000818587482389286	20361
Peropteryx_kappleri	1920	2	0	0	1314
Peropteryx_leucoptera	1921	2	9	0.0141065830721003	1295
Peropteryx_macrotis	2273	8	3	0.00213056628526785	5239
Peropteryx_trinitatis	1829	6	1	0.000816798273235318	3926
Peropteryx_trinitatis	1919	6	4	0.00274904958032357	3938
Phascogale_tapoatafa	794	2	0	0	3084
Phenacomys_intermedius	2987	10	12	0.00484616240559658	6565
Philander_andersoni	1646	11	35	0.0171436251387460	7180
Philander_frenatus	1115	4	0	0	2628
Philander_opossum	1741	9	2	0.000930153898190428	5913
Philander_opossum	1831	19	5	0.00108592129740892	12483
Philander_opossum	1921	2	0	0	1314
Philander_opossum	2182	3	2	0.00202942668696093	1971
Philander_opossum	2273	2	0	0	1314
Philantomba_monticola	1669	19	13	0.00456823277148950	9232
Philantomba_monticola	1758	2	0	0	1310
Philetor_brachypterus	1784	2	3	0.00458015267175573	1312
Phodopus_campbelli	2864	7	15	0.0104370515329419	4599
Phodopus_campbelli	2954	8	7	0.00309849967384214	5256
Phoniscus_jagorii	2142	3	9	0.00914791189809489	1969
Phoniscus_jagorii	2232	5	9	0.00701918272973381	3279
Phoniscus_jagorii	2321	2	5	0.00761035007610350	1314
Phylloderma_stenops	1646	3	4	0.00412158681092221	1961
Phylloderma_stenops	1741	7	1	0.000434877147205914	4599
Phylloderma_stenops	1831	13	29	0.0212763780254592	8540
Phyllostomus_discolor	1741	11	115	0.0345925003459250	7227
Phyllostomus_discolor	1831	46	21	0.00397199093579425	30132
Phyllostomus_discolor	1832	7	8	0.00493435906907034	4596
Phyllostomus_discolor	1921	13	7	0.00371574054968928	8533
Phyllostomus_discolor	2093	6	0	0	3938
Phyllostomus_elongatus	1646	32	13	0.00174990171989199	21006
Phyllostomus_elongatus	1741	21	82	0.0125442581959488	13749
Phyllostomus_elongatus	1831	128	34	0.00273818204183928	83762
Phyllostomus_elongatus	1832	8	109	0.0426368825615924	5254
Phyllostomus_elongatus	1920	5	2	0.00155196122694052	3253
Phyllostomus_elongatus	1921	2	2	0.00304414003044140	1314
Phyllostomus_hastatus	1645	4	15	0.0114038825187214	2454
Phyllostomus_hastatus	1646	15	23	0.00714036910831438	9741
Phyllostomus_hastatus	1829	3	6	0.00614385862932417	1961
Phyllostomus_hastatus	1831	19	88	0.0178357886604300	12136
Phyllostomus_hastatus	1832	7	9	0.00523218452498513	4559
Phyllostomus_hastatus	1916	3	3	0.00305112200298828	1968
Phyllostomus_hastatus	1921	3	0	0	1952
Phyllostomus_latifolius	1831	5	13	0.0109709877188702	3283
Phyllostomus_latifolius	1832	4	2	0.00152671755725191	2624
Pipanacoctomys_aureus	929	12	36	0.0151141961486789	4872
Pipistrellus_abramus	2322	21	100	0.0254434264211925	13105
Pipistrellus_cadornae	2142	2	3	0.00470219435736677	1295
Pipistrellus_cadornae	2321	2	2	0.00358422939068100	1215
Pipistrellus_cadornae	2412	11	1	0.000249150503254864	6951
Pipistrellus_coromandra	2053	18	23	0.0100735048815126	11834
Pipistrellus_deserti	2479	2	1	0.00158227848101266	1288
Pipistrellus_eisentrauti	1934	2	1	0.00156739811912226	1295
Pipistrellus_hesperus	2716	4	29	0.0227963525835866	2632
Pipistrellus_javanicus	2052	4	6	0.00666383524843988	2368
Pipistrellus_javanicus	2232	4	5	0.00380517503805175	2628
Pipistrellus_javanicus	2412	10	5	0.00377981567914935	5813
Pipistrellus_kuhlii	2270	3	1	0.00119904076738609	1668
Pipistrellus_kuhlii	2479	6	1	0.00166278467908903	2242
Pipistrellus_kuhlii	2631	3	1	0.000599520383693046	1667
Pipistrellus_kuhlii	2751	2	0	0	805
Pipistrellus_kuhlii	2838	3	0	0	1152
Pipistrellus_kuhlii	2927	37	29	0.0253770735321018	19092
Pipistrellus_kuhlii	2928	12	21	0.00911458333333333	4608
Pipistrellus_kuhlii	2934	2	0	0	1312
Pipistrellus_kuhlii	2935	6	1	0.000521323914181057	3922
Pipistrellus_nanulus	1934	6	22	0.0127853881278539	3942
Pipistrellus_nathusii	2631	4	0	0	2224
Pipistrellus_nathusii	2927	4	2	0.00153456127722353	2620
Pipistrellus_nathusii	3114	8	4	0.00152306743987025	5253
Pipistrellus_nathusii	3115	2	2	0.00304414003044140	1314
Pipistrellus_paterculus	2142	18	16	0.00552173935666755	11727
Pipistrellus_pipistrellus	2631	9	4	0.00279776179056755	5004
Pipistrellus_pipistrellus	2839	2	1	0.00179856115107914	1112
Pipistrellus_pipistrellus	2853	2	1	0.00152207001522070	1314
Pipistrellus_pipistrellus	2927	2	0	0	1073
Pipistrellus_pipistrellus	2935	6	1	0.000525040282895185	3839
Pipistrellus_pulveratus	2232	14	6	0.00269381279193154	8879
Pipistrellus_pygmaeus	2838	2	1	0.00179856115107914	1112
Pipistrellus_pygmaeus	2927	6	5	0.00368651423746794	3787
Pipistrellus_pygmaeus	2936	2	1	0.00152207001522070	1314
Pipistrellus_pygmaeus	3026	2	3	0.00469483568075117	1296
Pipistrellus_pygmaeus	3114	5	2	0.00121858552058280	3283
Pipistrellus_savii	2270	3	0	0	1668
Pipistrellus_savii	2631	2	0	0	1112
Pipistrellus_savii	2839	2	4	0.00719424460431655	1112
Pipistrellus_savii	2841	2	0	0	1314
Pipistrellus_savii	2927	3	53	0.0539852619620110	1966
Pipistrellus_subflavus	2541	2	2	0.00303951367781155	1316
Pipistrellus_subflavus	2635	3	4	0.00412359113262459	1959
Pipistrellus_subflavus	2724	3	3	0.00303951367781155	1974
Pipistrellus_subflavus	2814	3	5	0.00506585612968592	1974
Pipistrellus_tenuis	2142	10	11	0.00534847569567024	6320
Pipistrellus_tenuis	2231	3	9	0.00913242009132420	1971
Pipistrellus_tenuis	2322	14	0	0	9076
Platyrrhinus_aurarius	1830	3	6	0.00609757514494522	1969
Platyrrhinus_aurarius	1831	42	15	0.00326969827941516	27491
Platyrrhinus_brachycephalus	1921	2	1	0.00152671755725191	1310
Platyrrhinus_helleri	1646	35	44	0.0132026511616343	22969
Platyrrhinus_helleri	1741	15	48	0.0247386256461865	9841
Platyrrhinus_helleri	1830	5	1	0.000921817051471692	3267
Platyrrhinus_helleri	1831	85	67	0.0246643794758076	55112
Platyrrhinus_helleri	1832	4	38	0.0324708269913749	2628
Platyrrhinus_helleri	1916	3	3	0.00307970241397459	1956
Platyrrhinus_helleri	1920	8	7	0.00266950378635501	5246
Platyrrhinus_helleri	1921	16	28	0.00946458351459745	10490
Platyrrhinus_helleri	2005	4	2	0.00152207001522070	2628
Platyrrhinus_helleri	2183	4	2	0.00152439024390244	2627
Platyrrhinus_infuscus	1646	30	16	0.00378805325142169	19662
Platyrrhinus_lineatus	1023	2	0	0	1314
Platyrrhinus_recifinus	1023	3	2	0.00202942668696093	1971
Plecotus_auritus	2270	2	12	0.0215827338129496	1112
Plecotus_auritus	2631	4	15	0.0170863309352518	2224
Plecotus_auritus	2839	3	0	0	1668
Plecotus_auritus	2927	3	3	0.00329442467619954	1912
Plecotus_auritus	3115	2	1	0.00152207001522070	1314
Plecotus_austriacus	2927	2	0	0	1314
Plecotus_kolombatovici	2751	2	0	0	1314
Plecotus_macrobullaris	2631	2	2	0.00359712230215827	1112
Plecotus_macrobullaris	2665	2	0	0	1296
Plecotus_macrobullaris	2927	3	0	0	1735
Plecotus_sardus	2838	3	0	0	1668
Plecotus_teneriffae	2661	2	0	0	1314
Potamochoerus_porcus	1669	7	2	0.00133039432744543	4513
Potorous_tridactylus	622	2	12	0.00907029478458050	2646
Potorous_tridactylus	803	2	149	0.112622826908541	2646
Potorous_tridactylus	984	2	0	0	2646
Potos_flavus	1831	2	7	0.0106544901065449	1314
Praomys_daltoni	1936	4	7	0.00488826815642458	2865
Praomys_daltoni	2024	2	8	0.0111888111888112	1433
Praomys_daltoni	2026	2	2	0.00279720279720280	1432
Praomys_daltoni	2113	4	20	0.0142315255778214	2864
Praomys_daltoni	2114	2	0	0	1439
Praomys_daltoni	2205	2	0	0	1429
Praomys_delectorum	1585	3	6	0.00558399497180732	2150
Praomys_derooi	1936	7	2	0.000465736943070719	5014
Praomys_jacksoni	1762	5	24	0.0144541242610210	3578
Praomys_jacksoni	1763	2	0	0	1414
Praomys_lukolelae	1579	4	4	0.00286944045911047	2788
Praomys_lukolelae	1580	4	2	0.00139860139860140	2866
Praomys_lukolelae	1762	7	5	0.00219352809287593	5020
Praomys_minor	1762	4	2	0.00162812411532638	2867
Praomys_misonnei	1668	2	4	0.00557880055788006	1434
Praomys_misonnei	1759	3	1	0.000929800092980009	2151
Praomys_misonnei	1762	5	3	0.00223268896628566	3584
Praomys_misonnei	1763	2	0	0	1414
Praomys_misonnei	1848	3	8	0.00745464963342058	2148
Praomys_misonnei	1849	2	3	0.00418410041841004	1434
Praomys_misonnei	1936	6	10	0.00493903333882832	4296
Praomys_misonnei	1937	4	1	0.000697350069735007	2868
Praomys_morio	1848	11	15	0.00369966707733631	7880
Praomys_mutoni	1762	10	5	0.00176662017666202	7170
Praomys_petteri	1668	3	14	0.0130771884044930	2147
Praomys_petteri	1669	2	2	0.00278940027894003	1434
Praomys_petteri	1759	4	1	0.000733496683475368	2832
Praomys_rostratus	1933	2	2	0.00279329608938548	1433
Praomys_rostratus	1934	7	16	0.00748985514537822	4999
Praomys_rostratus	2022	5	18	0.0117006119766504	3544
Praomys_rostratus	2023	2	7	0.00979020979020979	1432
Praomys_tullbergi	1844	3	29	0.0294266869609335	2030
Praomys_tullbergi	1934	16	95	0.0198534070618052	10498
Praomys_tullbergi	1935	6	2	0.00121400747763515	4289
Prionailurus_bengalensis	2777	2	0	0	3084
Procyon_lotor	2689	4	23	0.00810635538261997	6168
Procyon_lotor	2690	2	4	0.00259403372243839	3084
Procyon_lotor	2691	2	0	0	3084
Procyon_lotor	2906	3	0	0	1971
Proechimys_cuvieri	1646	2	85	0.129375951293760	1314
Proechimys_cuvieri	1741	26	145	0.0222673769582187	17008
Proechimys_cuvieri	1831	163	40	0.00430351250758953	106084
Proechimys_cuvieri	1832	2	2	0.00306278713629403	1310
Proechimys_cuvieri	1920	18	7	0.00262120959604963	11734
Proechimys_cuvieri	1921	21	9	0.00442384526082470	13792
Proechimys_guyannensis	1741	35	164	0.0548438794639219	22972
Proechimys_guyannensis	1829	4	9	0.00684931506849315	2628
Proechimys_guyannensis	1831	56	74	0.0295198240883199	36728
Proechimys_guyannensis	1832	5	4	0.00276955197170796	3271
Proechimys_guyannensis	1921	7	3	0.00173950858882366	4599
Proechimys_hoplomyoides	1830	28	7	0.00245743888758656	18340
Proechimys_hoplomyoides	1831	9	11	0.00734356877256010	5773
Proechimys_quadruplicatus	1646	14	2	0.00150460530402853	9145
Proechimys_simonsi	1646	74	17	0.00317059475943888	48470
Promops_centralis	1646	4	7	0.00537008671999969	2613
Pseudalopex_gymnocercus	842	2	5	0.0267379679144385	374
Pseudalopex_gymnocercus	843	2	0	0	360
Pseudalopex_gymnocercus	932	4	7	0.0218917010110954	718
Pteromys_volans	2770	3	0	0	1953
Pteronotus_davyi	2093	3	1	0.00101626252415754	1969
Pteronotus_davyi	2183	7	2	0.000869754294411829	4599
Pteronotus_gymnonotus	1831	6	3	0.00213089802130898	3942
Pteronotus_gymnonotus	1916	3	38	0.0385591070522577	1971
Pteronotus_parnellii	1741	28	37	0.0198918862422889	18385
Pteronotus_parnellii	1829	10	9	0.00599253967530996	6567
Pteronotus_parnellii	1830	6	0	0	3938
Pteronotus_parnellii	1831	278	56	0.0259670797599909	182054
Pteronotus_parnellii	1832	5	35	0.0223007521987295	3225
Pteronotus_parnellii	1915	3	10	0.0101471334348047	1971
Pteronotus_parnellii	1916	7	1	0.000434877147205914	4599
Pteronotus_parnellii	1919	3	2	0.00203562340966921	1965
Pteronotus_parnellii	1920	4	0	0	2628
Pteronotus_parnellii	1921	31	2	0.000288368511607409	20346
Pteronotus_parnellii	2093	15	7	0.00400086975429442	9855
Pteronotus_parnellii	2183	14	9	0.00344404453993495	9168
Pteronotus_parnellii	2273	5	5	0.00682926829268293	2051
Pteronotus_personatus	1831	37	34	0.00859397990058695	24291
Pteronotus_personatus	1921	7	4	0.00246430383416685	4599
Pteronotus_personatus	2183	4	58	0.0472835375619291	2622
Pteronura_brasiliensis	1111	2	0	0	374
Pteropus_lylei	2052	6	9	0.00700152207001522	3942
Pteropus_vampyrus	2052	2	11	0.0167427701674277	1314
Puma_concolor	1111	2	0	0	374
Puma_concolor	2984	3	0	0	1947
Puma_concolor	2986	2	0	0	1254
Puma_concolor	3077	3	0	0	1946
Rattus_andamanensis	1871	2	0	0	365
Rattus_andamanensis	2051	2	0	0	1280
Rattus_andamanensis	2052	2	0	0	1314
Rattus_andamanensis	2140	2	3	0.00460829493087558	1306
Rattus_andamanensis	2142	16	10	0.00367346303602727	10498
Rattus_andamanensis	2412	2	1	0.00152439024390244	1313
Rattus_argentiventer	2051	53	0	0	34315
Rattus_argentiventer	2052	13	34	0.0152637873883273	8599
Rattus_exulans	629	3	0	0	2106
Rattus_exulans	1086	3	2	0.00189933523266857	2106
Rattus_exulans	1270	4	1	0.000712250712250712	2808
Rattus_exulans	1611	4	0	0	2808
Rattus_exulans	2051	6	2	0.00109740622944989	3718
Rattus_exulans	2052	8	1	0.000377073906485671	5304
Rattus_exulans	2140	2	0	0	1302
Rattus_exulans	2141	3	0	0	1952
Rattus_exulans	2142	16	2	0.00130620716676032	10321
Rattus_exulans	2231	13	5	0.00215826945967489	8389
Rattus_exulans	2321	2	0	0	1211
Rattus_giluwensis	1611	2	0	0	1310
Rattus_leucopus	1611	12	13	0.00627342123525330	8747
Rattus_niobe	1611	2	0	0	3078
Rattus_nitidus	2321	3	1	0.00110386106068783	1870
Rattus_nitidus	2591	7	87	0.0389811738648948	4515
Rattus_rattus	1222	13	24	0.00373247668474248	20007
Rattus_rattus	1223	9	6	0.000994096510665712	11340
Rattus_rattus	1270	2	1	0.00142450142450142	1404
Rattus_rattus	1645	2	0	0	1314
Rattus_rattus	1646	2	0	0	1314
Rattus_rattus	1781	2	0	0	1314
Rattus_rattus	1921	4	0	0	2628
Rattus_rattus	2045	23	10	0.00378022933446008	15373
Rattus_rattus	2051	4	53	0.0473700527804244	2504
Rattus_tanezumi	1223	17	9	0.00157338548529291	14445
Rattus_tanezumi	2140	4	3	0.00254452926208651	2620
Rattus_tanezumi	2231	67	30	0.00448993232734788	43144
Rattus_tanezumi	2321	15	10	0.00468996675652192	9675
Rattus_tanezumi	2322	3	3	0.00370716416755459	1811
Rattus_tanezumi	2411	2	3	0.00519930675909879	1278
Rattus_tanezumi	2502	2	62	0.0945121951219512	1313
Rattus_tanezumi	2591	4	1	0.000775193798449612	2580
Rattus_tanezumi	2770	4	0	0	2600
Rattus_tiomanicus	1871	2	1	0.00628930817610063	324
Rattus_tiomanicus	2052	13	21	0.00569009760699165	8859
Reithrodontomys_creper	1112	8	12	0.00559904327027615	5256
Reithrodontomys_creper	2004	8	8	0.00391389432485323	5256
Reithrodontomys_creper	2005	30	16	0.00333132622688639	19696
Reithrodontomys_fulvescens	2270	2	0	0	1314
Reithrodontomys_fulvescens	2361	2	3	0.00456621004566210	1314
Reithrodontomys_gracilis	2183	4	122	0.0930999492643328	2628
Reithrodontomys_gracilis	2273	37	24	0.00605457628162837	24161
Reithrodontomys_megalotis	2009	5	7	0.00487916627838350	3216
Reithrodontomys_mexicanus	2004	4	9	0.00712474836119133	2624
Reithrodontomys_mexicanus	2093	19	34	0.0115437196737195	12433
Reithrodontomys_mexicanus	2094	7	3	0.00205803315774015	4563
Reithrodontomys_mexicanus	2182	4	4	0.00304414003044140	2628
Reithrodontomys_microdon	2183	4	1	0.00103146568641529	2607
Reithrodontomys_spectabilis	2273	15	3	0.000611921905611779	9810
Reithrodontomys_spectabilis	2274	13	6	0.00173427327769459	8364
Reithrodontomys_sumichrasti	2005	13	103	0.0251341374402497	8376
Reithrodontomys_sumichrasti	2182	2	2	0.00304414003044140	1314
Rhinolophus_acuminatus	1875	2	1	0.00155520995334370	1296
Rhinolophus_acuminatus	2052	5	0	0	3289
Rhinolophus_acuminatus	2142	15	2	0.000420730990675315	9791
Rhinolophus_affinis	1781	10	1	0.000236766446812109	6098
Rhinolophus_affinis	1871	4	0	0	1419
Rhinolophus_affinis	2052	3	3	0.00304414003044140	1971
Rhinolophus_affinis	2053	14	1	0.000200712529479653	8922
Rhinolophus_affinis	2142	3	5	0.00791765637371338	1263
Rhinolophus_affinis	2143	4	13	0.0101471334348047	2628
Rhinolophus_affinis	2231	3	6	0.00608828006088280	1971
Rhinolophus_affinis	2232	2	4	0.00950118764845606	842
Rhinolophus_affinis	2321	4	0	0	1854
Rhinolophus_affinis	2411	10	18	0.00726592599823329	6334
Rhinolophus_affinis	2412	49	3	0.000695501617974342	32056
Rhinolophus_alcyone	1844	6	19	0.0101513221854708	3838
Rhinolophus_borneensis	1695	7	8	0.00377192754973326	4596
Rhinolophus_borneensis	1875	6	6	0.00635125141999572	2781
Rhinolophus_coelophyllus	2231	2	1	0.00162074554294976	1272
Rhinolophus_creaghi	1875	5	0	0	2529
Rhinolophus_euryale	2631	5	1	0.00108010888586428	2779
Rhinolophus_euryale	2935	2	1	0.00151975683890578	1316
Rhinolophus_ferrumequinum	2631	7	1	0.000513874614594039	3892
Rhinolophus_ferrumequinum	2777	2	0	0	3084
Rhinolophus_hildebrandtii	1675	7	0	0	4595
Rhinolophus_hipposideros	2631	2	65	0.116906474820144	1112
Rhinolophus_hipposideros	2846	2	1	0.00152207001522070	1314
Rhinolophus_lepidus	1781	3	9	0.00939009966277587	1948
Rhinolophus_lepidus	1871	2	2	0.00475059382422803	842
Rhinolophus_lepidus	1960	2	4	0.00950118764845606	1078
Rhinolophus_lepidus	2052	7	13	0.00744304918727101	4031
Rhinolophus_luctus	2321	2	0	0	1027
Rhinolophus_macrotis	2320	2	0	0	1190
Rhinolophus_macrotis	2412	6	0	0	3933
Rhinolophus_macrotis	2502	3	1	0.000510464522715671	1837
Rhinolophus_malayanus	2142	5	11	0.0104513064133017	2522
Rhinolophus_malayanus	2231	5	16	0.0118923384844535	3283
Rhinolophus_malayanus	2232	6	3	0.00152346356936329	3939
Rhinolophus_malayanus	2410	2	4	0.00649350649350649	1236
Rhinolophus_mehelyi	2838	5	0	0	2780
Rhinolophus_paradoxolophus	2232	5	1	0.000623594884458040	3259
Rhinolophus_paradoxolophus	2412	34	8	0.00334410284020196	22284
Rhinolophus_paradoxolophus	2502	10	12	0.00603719873188744	6561
Rhinolophus_pearsonii	2142	2	0	0	842
Rhinolophus_pearsonii	2143	2	0	0	1310
Rhinolophus_pearsonii	2232	4	13	0.00986184158729010	2486
Rhinolophus_pearsonii	2320	2	1	0.00158982511923688	1263
Rhinolophus_pearsonii	2321	6	24	0.0312208272065754	2712
Rhinolophus_pearsonii	2411	24	68	0.0134358968033459	15540
Rhinolophus_pearsonii	2412	39	75	0.0299064447158938	25273
Rhinolophus_pearsonii	2502	14	25	0.0103188202104394	8959
Rhinolophus_pearsonii	2592	11	9	0.00400259419342578	6811
Rhinolophus_philippinensis	1875	5	0	0	2754
Rhinolophus_pusillus	2416	3	2	0.00259824461822314	1735
Rhinolophus_pusillus	2502	6	8	0.00509594519032014	3937
Rhinolophus_rouxii	2502	20	9	0.00419259863982810	12659
Rhinolophus_sedulus	1781	2	1	0.00237529691211401	842
Rhinolophus_shameli	2052	4	97	0.0815145018444404	2392
Rhinolophus_shameli	2142	11	3	0.00122473402672666	6828
Rhinolophus_shameli	2232	5	1	0.000614747207974803	3260
Rhinolophus_siamensis	2321	4	12	0.0116728188182325	2156
Rhinolophus_stheno	1871	2	2	0.00475059382422803	842
Rhinolophus_stheno	1960	2	0	0	841
Rhinolophus_stheno	2052	4	0	0	2628
Rhinolophus_stheno	2142	2	1	0.00173310225303293	1195
Rhinolophus_stheno	2231	4	6	0.00468759184153295	2607
Rhinolophus_stheno	2232	6	0	0	3905
Rhinolophus_stheno	2321	2	1	0.00237529691211401	968
Rhinolophus_stheno	2412	16	2	0.000366659704482494	9989
Rhinolophus_thomasi	2232	2	1	0.00152207001522070	1314
Rhinolophus_trifoliatus	1695	2	1	0.00153139356814701	1310
Rhinolophus_trifoliatus	1781	9	16	0.00768270247301279	5854
Rhinolophus_trifoliatus	1784	2	2	0.00304414003044140	1314
Rhinolophus_trifoliatus	1875	3	5	0.00512450862225163	1958
Rhinophylla_alethina	1736	3	15	0.0152353949338580	1970
Rhinophylla_fischerae	1646	39	39	0.00874692094215919	25557
Rhinophylla_pumilio	1645	4	5	0.00380517503805175	2628
Rhinophylla_pumilio	1646	39	20	0.00528519300825376	25544
Rhinophylla_pumilio	1741	15	21	0.00659995529524015	9691
Rhinophylla_pumilio	1830	43	13	0.00367279623188200	28178
Rhinophylla_pumilio	1831	232	154	0.00847378862737819	151779
Rhinophylla_pumilio	1832	9	4	0.00252857699931174	6752
Rhinophylla_pumilio	1920	3	9	0.00884182653975254	1945
Rhinophylla_pumilio	1921	56	13	0.00385074082413470	36556
Rhipidomys_leucodactylus	1831	3	1	0.00101471334348047	1971
Rhipidomys_macconnelli	1830	110	31	0.00778793655646553	72137
Rhipidomys_macconnelli	1831	188	45	0.00555352865220306	123229
Rhipidomys_nitela	1831	3	121	0.123287671232877	1971
Rhipidomys_wetzeli	1830	2	2	0.00304414003044140	1314
Rhipidomys_wetzeli	1831	2	1	0.00152207001522070	1314
Rhizomys_pruinosus	2412	3	0	0	1971
Rhogeessa_aeneus	2183	4	8	0.00761035007610350	2628
Rhogeessa_aeneus	2273	15	16	0.00877351503883905	8353
Rhogeessa_aeneus	2274	5	3	0.00182648401826484	3285
Rhogeessa_io	1741	6	0	0	3940
Rhogeessa_tumida	2093	2	1	0.00152207001522070	1314
Rhombomys_opimus	2863	14	50	0.0403599444695335	9198
Rhynchonycteris_naso	1646	2	5	0.00764525993883792	1311
Rhynchonycteris_naso	1741	18	25	0.00749529788300465	11807
Rhynchonycteris_naso	1830	6	3	0.00243531202435312	3942
Rhynchonycteris_naso	1831	56	38	0.00837605916972482	36633
Rhynchonycteris_naso	1921	12	17	0.00878880427171276	7873
Rhynchonycteris_naso	2183	4	0	0	2628
Rousettus_aegyptiacus	1585	12	27	0.0133597547427790	7861
Rousettus_aegyptiacus	1586	15	144	0.0382598683571209	9834
Rousettus_aegyptiacus	1674	3	20	0.0203984254655726	1966
Rousettus_aegyptiacus	1764	19	34	0.0125759755668709	12290
Rousettus_amplexicaudatus	2142	6	23	0.0144194639060267	3940
Rousettus_amplexicaudatus	2412	3	14	0.0151274885882105	1769
Rousettus_lanosus	1585	2	3	0.00441176470588235	1360
Rousettus_leschenaultii	2052	2	5	0.00761035007610350	1314
Rousettus_leschenaultii	2412	18	17	0.00528247828811890	11826
Rupicapra_rupicapra	629	2	2	0.00298953662182362	1340
Saccopteryx_bilineata	1646	13	19	0.00777168946422163	8494
Saccopteryx_bilineata	1741	10	5	0.00176100863126962	6567
Saccopteryx_bilineata	1831	80	42	0.00367047133697055	52416
Saccopteryx_bilineata	1832	11	15	0.00420096185071574	7181
Saccopteryx_bilineata	1921	27	13	0.00274978696570000	17672
Saccopteryx_bilineata	2093	2	1	0.00152671755725191	1312
Saccopteryx_bilineata	2183	2	4	0.00608828006088280	1314
Saccopteryx_bilineata	2273	2	5	0.0123762376237624	1061
Saccopteryx_gymnura	1831	3	1	0.00129912230911157	1735
Saccopteryx_leptura	1646	2	3	0.00456621004566210	1314
Saccopteryx_leptura	1741	2	4	0.00608828006088280	1314
Saccopteryx_leptura	1831	36	43	0.00790706989281257	22938
Saccopteryx_leptura	1832	2	2	0.00314960629921260	1290
Saccopteryx_leptura	1921	4	10	0.00758673475315742	2569
Saccostomus_campestris	1222	5	12	0.00379034004764999	6858
Saimiri_sciureus	3021	3	0	0	2136
Sciurus_aestuans	1831	3	1	0.00101471334348047	1971
Sciurus_aestuans	1920	2	1	0.00152207001522070	1314
Sciurus_carolinensis	2906	3	0	0	1954
Sciurus_carolinensis	2994	8	7	0.00570776255707763	5256
Scolomys_melanops	1646	32	19	0.00429444367713066	20979
Scotinomys_teguina	1112	2	3	0.00488599348534202	1240
Scotinomys_teguina	2004	2	0	0	1265
Scotinomys_teguina	2005	21	20	0.00585140217399574	13097
Scotinomys_teguina	2093	11	118	0.0473225404732254	7227
Scotinomys_teguina	2182	4	1	0.00101471334348047	2628
Scotinomys_xerampelinus	2005	12	2	0.000714911673815783	7884
Scotomanes_ornatus	2053	3	1	0.00101548675304105	1970
Scotomanes_ornatus	2232	4	1	0.000766871165644172	2623
Scotomanes_ornatus	2321	2	4	0.00950118764845606	1078
Scotomanes_ornatus	2412	23	11	0.00158207033047500	15091
Scotomanes_ornatus	2503	2	0	0	1314
Scotonycteris_zenkeri	1844	2	0	0	1314
Scotophilus_dinganii	1585	3	0	0	1965
Scotophilus_heathii	2142	5	10	0.00729525800682941	3242
Scotophilus_heathii	2321	2	0	0	1277
Scotophilus_kuhlii	2052	14	31	0.0113819535541649	8961
Scotophilus_kuhlii	2232	2	1	0.00177935943060498	1215
Sicista_concolor	2770	2	0	0	1302
Sigmodon_alstoni	1741	6	0	0	3942
Sigmodon_hispidus	2004	10	5	0.00323844120096679	6551
Sigmodon_hispidus	2182	12	89	0.0650734808444423	7768
Sigmodon_hispidus	2183	20	21	0.00740428757768430	13027
Sigmodon_hispidus	2272	5	7	0.00551771437161191	3272
Sigmodon_hispidus	2273	20	26	0.00774487229607792	13006
Sigmodon_hispidus	2540	2	0	0	1309
Sigmodon_mascotensis	2270	6	15	0.00842924698200240	3940
Sorex_araneus	3114	4	2	0.00152207001522070	2628
Sorex_araneus	3129	5	2	0.00152207001522070	3285
Sorex_araneus	3206	2	1	0.00152207001522070	1314
Sorex_arcticus	2909	13	1	0.000351246926589392	8509
Sorex_arcticus	2987	13	1	0.000239974988163150	8360
Sorex_bedfordiae	2681	16	124	0.0277890008754496	9462
Sorex_bedfordiae	2770	13	107	0.0643407160435024	8398
Sorex_caecutiens	2957	2	2	0.00320000000000000	1282
Sorex_cinereus	2905	4	19	0.0150703954473329	2567
Sorex_cinereus	2906	18	25	0.00826401064858392	11816
Sorex_cinereus	2908	8	20	0.0108175690367471	5256
Sorex_cinereus	2909	276	51	0.00468601154794491	181233
Sorex_cinereus	2910	60	20	0.00317549015366907	39414
Sorex_cinereus	2987	85	16	0.00167726582231389	55776
Sorex_cinereus	2992	39	17	0.00244931506629859	25595
Sorex_cinereus	2995	29	22	0.00513225151772502	19024
Sorex_cinereus	2999	6	16	0.00903094875697615	3942
Sorex_cinereus	3001	42	18	0.00794967476268555	27592
Sorex_cinereus	3172	9	2	0.00110669405660033	5895
Sorex_daphaenodon	3229	4	5	0.00381916036744122	2624
Sorex_dispar	2909	2	0	0	1304
Sorex_fumeus	2905	4	6	0.00472726841357964	2527
Sorex_fumeus	2906	19	4	0.00241124128637607	12420
Sorex_fumeus	2908	37	5	0.00143646004371630	24298
Sorex_fumeus	2909	83	7	0.00299430236621399	54478
Sorex_fumeus	2910	6	4	0.00263825469304921	3942
Sorex_fumeus	2995	2	0	0	1314
Sorex_haydeni	2987	7	1	0.000729112207619529	4580
Sorex_hoyi	2906	3	11	0.0111703542834515	1970
Sorex_hoyi	2908	5	4	0.00243531202435312	3285
Sorex_hoyi	2909	2	1	0.00152207001522070	1314
Sorex_hoyi	2910	5	2	0.00121765601217656	3285
Sorex_hoyi	2987	4	2	0.00177574835109082	2628
Sorex_hoyi	2995	4	3	0.00228310502283105	2628
Sorex_hoyi	2999	2	3	0.00470219435736677	1295
Sorex_hoyi	3172	8	15	0.00719506574515398	5246
Sorex_isodon	2957	2	3	0.00480000000000000	1250
Sorex_isodon	3042	2	2	0.00304414003044140	1314
Sorex_isodon	3129	5	0	0	3275
Sorex_isodon	3136	2	1	0.00154559505409583	1304
Sorex_isodon	3229	4	1	0.000762588933098069	2624
Sorex_minutissimus	3229	2	3	0.00456621004566210	1314
Sorex_minutus	3042	2	3	0.00456621004566210	1314
Sorex_monticolus	2987	39	13	0.00209722088586008	25601
Sorex_palustris	2908	6	6	0.00365296803652968	3942
Sorex_palustris	2910	4	2	0.00152207001522070	2628
Sorex_tundrensis	2906	9	10	0.00577429402081646	5901
Sorex_tundrensis	3044	4	1	0.000761809597948885	2626
Sorex_tundrensis	3129	10	12	0.00465374372670603	6514
Sorex_tundrensis	3132	2	2	0.00304414003044140	1314
Sorex_tundrensis	3158	2	0	0	1314
Sorex_tundrensis	3228	2	7	0.0106870229007634	1312
Sorex_tundrensis	3249	2	0	0	1314
Sorex_tundrensis	3299	12	9	0.00561574682579689	7853
Sorex_vagrans	2985	6	3	0.00182648401826484	3942
Soriculus_nigrescens	2776	5	21	0.0192893401015228	2955
Spermophilus_columbianus	2987	5	0	0	3285
Spermophilus_dauricus	2864	3	0	0	1971
Spermophilus_dauricus	2954	9	5	0.00321325892102148	5913
Spermophilus_lateralis	2986	4	2	0.000799624623167856	2535
Spermophilus_parryii	3261	2	0	0	1314
Sphaerias_blanfordi	2143	2	0	0	1312
Sphaerias_blanfordi	2412	19	12	0.00465745319911585	12464
Sturnira_bidens	1556	4	6	0.00620275806358548	2256
Sturnira_bidens	1646	41	19	0.00509734979368673	25317
Sturnira_bidens	1736	7	12	0.00203873598369011	4131
Sturnira_erythromos	1556	18	18	0.00422816331806443	10579
Sturnira_erythromos	1646	44	62	0.0274711494583245	22383
Sturnira_erythromos	1736	11	51	0.0400356297304057	5096
Sturnira_lilium	1023	8	9	0.00390908072794360	5207
Sturnira_lilium	1556	10	39	0.0209914412637287	5918
Sturnira_lilium	1645	16	40	0.00955144180471121	10338
Sturnira_lilium	1646	62	69	0.0210619105485593	34980
Sturnira_lilium	1647	3	6	0.00610922597852345	1968
Sturnira_lilium	1736	7	33	0.0161100783961289	3329
Sturnira_lilium	1741	17	79	0.0205815202793446	11169
Sturnira_lilium	1830	6	12	0.00608828006088280	3942
Sturnira_lilium	1831	81	38	0.00918659028242529	52896
Sturnira_lilium	1832	5	11	0.00974124809741248	3285
Sturnira_lilium	1916	5	9	0.00731640903187969	3282
Sturnira_lilium	1920	12	17	0.00855587841889212	7884
Sturnira_lilium	1921	8	17	0.0105061231899236	5253
Sturnira_lilium	2093	28	20	0.00312851477768307	18299
Sturnira_lilium	2183	59	21	0.00310339057447037	38709
Sturnira_lilium	2273	13	10	0.00256402049786353	7514
Sturnira_lilium	2274	6	1	0.000507976818488808	3938
Sturnira_ludovici	1556	7	10	0.00578985650564087	4333
Sturnira_ludovici	1646	74	72	0.0354727661383281	47002
Sturnira_ludovici	1736	3	5	0.00519781509049295	1944
Sturnira_ludovici	1915	4	11	0.00837138508371385	2628
Sturnira_ludovici	2093	24	22	0.00879647027306592	15751
Sturnira_luisi	1556	38	14	0.00357918667022921	24825
Sturnira_luisi	1645	45	52	0.0113743634671057	29130
Sturnira_luisi	1646	19	48	0.0251388962167130	10898
Sturnira_luisi	1735	4	33	0.0247362281000693	2380
Sturnira_magna	1645	12	16	0.0117764064148463	5705
Sturnira_magna	1646	37	22	0.00599951605395773	24056
Sturnira_tildae	1646	2	1	0.00152671755725191	1312
Sturnira_tildae	1741	10	13	0.00470150515812616	6570
Sturnira_tildae	1830	14	12	0.00420033102245797	9196
Sturnira_tildae	1831	142	51	0.00372318437864165	92860
Sturnira_tildae	1832	20	22	0.00424386304033561	13970
Sturnira_tildae	1920	3	1	0.00101471334348047	1971
Sturnira_tildae	1921	2	3	0.00457317073170732	1313
Sundamys_muelleri	1784	6	7	0.00385591070522577	3942
Sundasciurus_lowii	1784	2	2	0.00304414003044140	1314
Sylvilagus_brasiliensis	1645	2	6	0.00913242009132420	1314
Sylvilagus_floridanus	2905	2	0	0	1230
Sylvilagus_floridanus	2994	2	20	0.0312500000000000	1297
Synaptomys_cooperi	2908	4	0	0	2621
Synaptomys_cooperi	2992	2	3	0.00457317073170732	1313
Tachyglossus_aculeatus	712	2	0	0	3084
Tadarida_aegyptiaca	2491	2	7	0.0106544901065449	1314
Tadarida_brasiliensis	2093	6	11	0.00558092338914257	3942
Tadarida_brasiliensis	2541	2	3	0.00455927051671733	1316
Tadarida_brasiliensis	2545	7	8	0.00444859171442477	4536
Tadarida_brasiliensis	2628	7	11	0.00506585612968591	4606
Tadarida_brasiliensis	2635	5	10	0.00699088145896657	3290
Tadarida_brasiliensis	2716	8	1	0.000379939209726444	5264
Tadarida_teniotis	2321	3	0	0	1971
Tadarida_teniotis	2838	2	0	0	1112
Tamias_amoenus	2987	8	2	0.00104873221161173	5240
Tamiasciurus_hudsonicus	2905	3	5	0.00522929816753262	1933
Tamiasciurus_hudsonicus	2906	2	4	0.00613496932515337	1309
Tamiasciurus_hudsonicus	2910	9	20	0.0103175119942091	5606
Tamiasciurus_hudsonicus	2987	8	2	0.000768794393067279	5219
Tamiasciurus_hudsonicus	2992	2	1	0.00156739811912226	1295
Tamias_sibiricus	2770	2	0	0	1302
Tamias_sibiricus	2957	8	7	0.00494672754946728	5256
Tamias_sibiricus	3047	9	1	0.000846110846459412	5911
Tamias_striatus	2905	4	9	0.00735238415304583	2580
Tamias_striatus	2906	2	0	0	1314
Tamias_striatus	2910	6	11	0.00820529554341377	3437
Tamias_striatus	2994	5	2	0.00124278452657879	3264
Taphozous_hildegardeae	1585	3	0	0	1971
Taphozous_melanopogon	2052	9	1	0.000307451425570692	5548
Tatera_indica	2045	18	0	0	12177
Taxidea_taxus	2987	2	4	0.00613496932515337	1304
Tayassu_pecari	1831	2	2	0.00304414003044140	1314
Thomomys_talpoides	2987	3	0	0	1950
Thyroptera_lavali	1646	3	13	0.0131912734652461	1971
Thyroptera_tricolor	1646	7	143	0.0639269406392694	4599
Thyroptera_tricolor	1831	4	2	0.00152207001522070	2628
Thyroptera_tricolor	1832	5	0	0	3285
Thyroptera_tricolor	1920	2	0	0	1314
Thyroptera_tricolor	1921	4	0	0	2628
Thyroptera_tricolor	2005	4	0	0	2628
Tonatia_saurophila	1646	13	4	0.00234453264404507	8533
Tonatia_saurophila	1831	48	7	0.000622257507965349	31343
Tonatia_saurophila	1832	13	19	0.000485860398556473	9385
Trachops_cirrhosus	1646	22	6	0.00217062478696955	14359
Trachops_cirrhosus	1741	25	52	0.0302194903932189	16321
Trachops_cirrhosus	1831	49	48	0.0255777411456267	32173
Trachops_cirrhosus	1832	7	0	0	4595
Trachops_cirrhosus	1919	3	0	0	1967
Trachops_cirrhosus	1920	2	0	0	1314
Trachops_cirrhosus	2009	2	0	0	1314
Trachops_cirrhosus	2183	3	0	0	1971
Transandinomys_talamancae	1916	2	2	0.00306278713629403	1310
Triaenops_persicus	1585	5	9	0.00578386605783866	3285
Triaenops_persicus	1586	2	7	0.0106870229007634	1310
Trinycteris_nicefori	1646	8	2	0.00165193405796412	5216
Trinycteris_nicefori	1831	23	9	0.00180586526294713	15078
Trinycteris_nicefori	1832	3	0	0	1969
Trinycteris_nicefori	1921	2	14	0.0213089802130898	1314
Tscherskia_triton	2957	10	6	0.00331473025536952	6570
Tscherskia_triton	3047	5	10	0.00913242009132420	3285
Tylomys_nudicaudus	2183	3	70	0.0708213013935713	1956
Tylomys_watsoni	1916	3	2	0.00202942668696093	1971
Tylonycteris_pachypus	2142	5	7	0.00456204632829524	3289
Tylonycteris_pachypus	2322	2	6	0.00917431192660551	1312
Tylonycteris_pachypus	2412	3	0	0	1970
Tylonycteris_robustula	2142	12	108	0.0328961133537059	7885
Tylonycteris_robustula	2232	2	5	0.00763358778625954	1312
Tylonycteris_robustula	2233	5	4	0.00365296803652968	3285
Tylonycteris_robustula	2321	3	4	0.00405885337392187	1971
Tympanoctomys_barrerae	658	4	9	0.0147783251231527	1624
Tympanoctomys_barrerae	748	2	0	0	812
Tympanoctomys_barrerae	839	2	0	0	812
Uroderma_bilobatum	1645	4	5	0.00481988838153222	2628
Uroderma_bilobatum	1646	33	47	0.00782598047056510	21603
Uroderma_bilobatum	1741	6	18	0.0116984172491945	3938
Uroderma_bilobatum	1830	3	6	0.00608828006088280	1971
Uroderma_bilobatum	1831	56	43	0.00694945329178514	36645
Uroderma_bilobatum	1832	2	4	0.00608828006088280	1314
Uroderma_bilobatum	1916	8	16	0.00828749169225747	5246
Uroderma_bilobatum	1920	13	23	0.00848212342432101	8424
Uroderma_bilobatum	1921	9	19	0.00770475104948243	5909
Uroderma_bilobatum	2005	4	3	0.00254452926208651	2622
Uroderma_bilobatum	2183	3	2	0.00202942668696093	1971
Ursus_americanus	2986	9	23	0.00787775505566917	5819
Ursus_americanus	3002	2	0	0	1304
Ursus_americanus	3076	2	0	0	1304
Ursus_americanus	3162	2	22	0.0337423312883436	1304
Ursus_arctos	2986	2	2	0.00304878048780488	1313
Ursus_arctos	2987	2	2	0.00304414003044140	1314
Ursus_arctos	3021	3	20	0.0201409869083585	1986
Ursus_arctos	3076	2	2	0.00304414003044140	1314
Vampyressa_bidens	1646	35	61	0.0138976401395312	22983
Vampyressa_bidens	1741	7	90	0.0643293956480195	4597
Vampyressa_bidens	1830	5	7	0.00456992807928707	3283
Vampyressa_bidens	1831	84	55	0.00413604811332211	54889
Vampyressa_bidens	1920	2	0	0	1293
Vampyressa_bidens	1921	11	13	0.00515750414317810	7219
Vampyressa_brocki	1741	2	6	0.00913242009132420	1314
Vampyressa_brocki	1831	6	15	0.00810560474777108	3882
Vampyressa_brocki	1921	2	0	0	1309
Vampyressa_nymphaea	1916	4	1	0.000761035007610350	2628
Vampyressa_nymphaea	2005	4	8	0.00787564726705164	2626
Vampyressa_pusilla	1023	7	9	0.00568054033315931	4583
Vampyressa_thyone	1646	37	23	0.00418633263875166	24189
Vampyressa_thyone	1915	3	3	0.00304414003044140	1971
Vampyressa_thyone	1916	8	8	0.00415500428282976	5242
Vampyrodes_caraccioli	1645	2	4	0.00608828006088280	1314
Vampyrodes_caraccioli	1646	23	6	0.00182303290264163	15019
Vampyrodes_caraccioli	1741	14	3	0.00125445330924783	9198
Vampyrodes_caraccioli	1831	32	3	0.000537410315853469	20979
Vampyrodes_caraccioli	1916	3	1	0.00103842159916926	1956
Vampyrum_spectrum	1646	2	0	0	1314
Vampyrum_spectrum	1831	3	1	0.00101781170483461	1967
Vespertilio_murinus	2927	3	1	0.00101471334348047	1971
Vespertilio_murinus	3045	5	6	0.00420363994719134	3047
Vespertilio_murinus	3114	5	3	0.00211321228492475	3043
Vespertilio_murinus	3115	2	0	0	1314
Vespertilio_sinensis	2592	3	1	0.00101471334348047	1971
Vulpes_corsac	2954	2	0	0	3084
Vulpes_lagopus	3172	5	4	0.00277486936373595	3256
Vulpes_velox	3077	2	0	0	1304
Vulpes_vulpes	3021	2	0	0	1450
Zapus_hudsonius	2906	2	0	0	1314
Zapus_hudsonius	2909	6	7	0.00568239472349061	3942
Zapus_hudsonius	2987	5	3	0.00214746799037048	3271
Zapus_princeps	2987	9	17	0.0122135798474201	5891
Zygodontomys_brevicauda	1741	11	25	0.00691167931872433	7207
Zygodontomys_brevicauda	1831	6	9	0.00558993392334974	3906
Zygodontomys_brevicauda	2009	5	16	0.0103500761035008	3285
