Species	Grid_ID	Num_Seq	Num_Muts	GD_Pi	BP
Acomys_johannis	2029	3	17	0.0103690149435804	3279
Acomys_percivali	1675	9	27	0.00840701600971371	9820
Acomys_wilsoni	1585	8	19	0.00687217715893614	9000
Acomys_wilsoni	1675	2	0	0	2205
Aethomys_chrysophilus	862	5	9	0.0130150509791228	1814
Aethomys_chrysophilus	1494	3	42	0.0245614035087719	3420
Aethomys_chrysophilus	1584	2	7	0.00614574187884109	2279
Aethomys_chrysophilus	1585	4	16	0.00703504653652912	4556
Aethomys_ineptus	862	15	14	0.00780420939877472	5537
Aethomys_kaiseri	1312	3	11	0.00646187267881423	3414
Aethomys_namaquensis	770	9	14	0.00814251601549255	5381
Aethomys_namaquensis	771	7	53	0.0378900496709687	4160
Aethomys_namaquensis	772	2	2	0.00326264274061990	1244
Aethomys_namaquensis	860	7	8	0.00537589438290290	4278
Aethomys_namaquensis	861	19	75	0.0335764062565210	11824
Aethomys_namaquensis	862	25	88	0.0331112247851837	15413
Aethomys_namaquensis	863	6	51	0.0358365932751069	4220
Aethomys_namaquensis	951	8	49	0.0344730323989043	4878
Aethomys_namaquensis	952	15	57	0.0323204055143782	9195
Aethomys_namaquensis	953	10	35	0.0175529512860874	5681
Aethomys_namaquensis	1042	3	13	0.0139522980390006	1832
Aethomys_namaquensis	1043	15	48	0.0269776877030232	9022
Aethomys_namaquensis	1132	2	10	0.0167224080267559	1216
Ailurus_fulgens	2591	5	3	0.00294840294840295	2035
Ailurus_fulgens	2868	2	0	0	804
Akodon_montensis	931	2	1	0.00124843945068664	1602
Alouatta_belzebul	1477	3	0	0	3295
Alouatta_guariba	933	5	1	0.000644585118195135	4689
Alouatta_guariba	1024	2	10	0.0105485232067511	1896
Alouatta_guariba	1115	5	19	0.0110517162732353	4680
Andalgalomys_olrogi	929	2	5	0.0136239782016349	783
Anourosorex_squamipes	2320	2	4	0.00350877192982456	2280
Anourosorex_yamashinai	2416	2	8	0.00701754385964912	2280
Aotus_azarae	1470	4	69	0.0313207207005501	4557
Aotus_azarae	1563	2	21	0.0184534270650264	2277
Aotus_trivirgatus	933	2	2	0.00175438596491228	2280
Aplodontia_rufa	2634	2	0	0	819
Aplodontia_rufa	2715	22	45	0.0209669513184614	14178
Aplodontia_rufa	2716	3	1	0.00159489633173844	1254
Aplodontia_rufa	2804	19	3	0.000411079979585129	11740
Aplodontia_rufa	2805	23	45	0.0171299570169384	12028
Aplodontia_rufa	2806	28	10	0.00314223646791269	15423
Aplodontia_rufa	2895	370	136	0.0201154946292033	221595
Aplodontia_rufa	2985	62	22	0.00240390066316551	45410
Apodemus_agrarius	2777	3	7	0.00526315789473684	2669
Apodemus_agrarius	2959	23	40	0.00956266734667860	17112
Apodemus_agrarius	3049	3	18	0.0111008325624422	3243
Apodemus_agrarius	3121	2	1	0.00209643605870021	954
Apodemus_alpicola	2928	3	2	0.00182149362477231	2401
Apodemus_argenteus	2688	4	4	0.00663349917081260	2346
Apodemus_argenteus	2689	5	45	0.0198481277821419	4224
Apodemus_argenteus	2690	5	8	0.00374170812603648	2746
Apodemus_argenteus	2779	5	18	0.0131677140612726	3486
Apodemus_argenteus	2780	9	30	0.0133417839034493	5094
Apodemus_argenteus	2871	6	6	0.00696517412935323	3150
Apodemus_chevrieri	2591	4	0	0	4560
Apodemus_flavicollis	2750	4	18	0.00934616167447208	3865
Apodemus_flavicollis	2751	5	10	0.00443220493781788	4651
Apodemus_flavicollis	2752	2	12	0.0124223602484472	1938
Apodemus_flavicollis	2753	2	9	0.00933609958506224	1936
Apodemus_flavicollis	2835	5	10	0.00482911171512390	4793
Apodemus_flavicollis	2839	3	9	0.00631231557506522	2874
Apodemus_flavicollis	2841	14	58	0.0102693209986198	13362
Apodemus_flavicollis	2842	4	18	0.00951853398837024	3865
Apodemus_flavicollis	2843	2	6	0.00725513905683192	1795
Apodemus_flavicollis	2846	2	46	0.0623306233062331	1710
Apodemus_flavicollis	2926	4	21	0.0117072799343370	3768
Apodemus_flavicollis	2927	2	6	0.00819672131147541	1613
Apodemus_flavicollis	2930	5	23	0.00868421052631579	5700
Apodemus_flavicollis	2934	4	5	0.00510204081632653	2054
Apodemus_flavicollis	3018	3	13	0.0120508506725385	2484
Apodemus_flavicollis	3019	5	16	0.00693782794046718	4807
Apodemus_flavicollis	3022	11	14	0.00890538033395177	4312
Apodemus_flavicollis	3023	118	40	0.00697319157915770	55172
Apodemus_flavicollis	3027	2	4	0.00414937759336100	1936
Apodemus_flavicollis	3112	3	11	0.00726571959169780	2898
Apodemus_flavicollis	3118	2	2	0.00225479143179256	1774
Apodemus_flavicollis	3202	2	6	0.00618556701030928	1942
Apodemus_mystacinus	2662	2	9	0.00939457202505219	1924
Apodemus_mystacinus	2753	2	7	0.00726895119418484	1933
Apodemus_peninsulae	2777	4	12	0.00643274853801170	3822
Apodemus_peninsulae	3049	4	15	0.00689972401103956	4348
Apodemus_peninsulae	3051	3	5	0.00292397660818713	3420
Apodemus_peninsulae	3221	8	39	0.0126566416040100	9120
Apodemus_ponticus	2847	2	22	0.0800000000000000	550
Apodemus_ponticus	2935	6	4	0.00411718131433096	2526
Apodemus_speciosus	2598	13	37	0.0134093785458672	7440
Apodemus_speciosus	2688	3	12	0.0298507462686567	1944
Apodemus_speciosus	2689	6	5	0.00547263681592040	2412
Apodemus_speciosus	2690	8	18	0.0120824449182658	3216
Apodemus_speciosus	2779	3	5	0.00829187396351575	1206
Apodemus_speciosus	2780	33	65	0.0100281677966834	34668
Apodemus_speciosus	2781	47	50	0.0104782243830110	18278
Apodemus_speciosus	2870	3	1	0.00165837479270315	1206
Apodemus_speciosus	2871	8	18	0.0177683013503909	3954
Apodemus_speciosus	2961	3	1	0.00165837479270315	1206
Apodemus_speciosus	2962	2	3	0.00294406280667321	2040
Apodemus_sylvaticus	2745	3	3	0.00216294404484097	2847
Apodemus_sylvaticus	2749	15	56	0.0131674405113534	14370
Apodemus_sylvaticus	2750	14	32	0.00609156835319482	13441
Apodemus_sylvaticus	2835	5	17	0.00943794029533155	4410
Apodemus_sylvaticus	2837	2	7	0.00728407908428720	1923
Apodemus_sylvaticus	2839	8	42	0.0177755846098268	6661
Apodemus_sylvaticus	2926	7	31	0.0131123936241311	5725
Apodemus_sylvaticus	2927	3	16	0.0109185386836543	2803
Apodemus_sylvaticus	2930	4	17	0.00760233918128655	4560
Apodemus_sylvaticus	3017	5	12	0.00601664889717986	4862
Apodemus_sylvaticus	3019	8	11	0.00409860761377323	5582
Apodemus_sylvaticus	3023	89	75	0.00859931607244037	41073
Apodemus_sylvaticus	3200	2	1	0.00108932461873638	1883
Apodemus_uralensis	2846	6	3	0.00436363636363636	1650
Apodemus_uralensis	2853	3	8	0.00350877192982456	2701
Apodemus_uralensis	2857	2	8	0.0236686390532544	730
Apodemus_uralensis	2935	4	25	0.0121345029239766	4560
Apodemus_uralensis	2937	4	20	0.00891812865497076	4560
Apodemus_uralensis	3036	9	23	0.00825662609277357	7131
Apodemus_uralensis	3037	13	26	0.00530801506475581	13725
Apodemus_uralensis	3115	3	0	0	1982
Apodemus_uralensis	3116	4	23	0.0127734716839605	3122
Apodemus_uralensis	3117	3	10	0.0237529691211401	1982
Apodemus_uralensis	3118	4	3	0.00475059382422803	2403
Apodemus_uralensis	3122	3	5	0.00438596491228070	2701
Apodemus_uralensis	3124	3	68	0.0418807682713894	3335
Apodemus_witherbyi	2934	2	3	0.00765306122448980	784
Apodemus_witherbyi	3023	2	4	0.0102040816326531	784
Apomys_abrae	2236	11	56	0.0227503201575977	11488
Apomys_datae	2236	14	94	0.0308388377208704	14917
Apomys_insignis	1967	4	5	0.00292397660818713	4560
Ardops_nichollsi	2190	2	4	0.00826446280991736	968
Artibeus_aztecus	2094	2	3	0.00263157894736842	2280
Artibeus_aztecus	2270	2	4	0.00350877192982456	2280
Artibeus_fraterculus	1556	3	6	0.00526315789473684	2681
Artibeus_gnomus	1736	2	56	0.0491228070175439	2280
Artibeus_hirsutus	2270	2	1	0.000877192982456140	2280
Artibeus_incomitatus	2005	4	0	0	4560
Artibeus_inopinatus	2094	3	1	0.000584795321637427	3420
Artibeus_jamaicensis	1556	3	15	0.00877192982456140	3420
Artibeus_jamaicensis	1646	4	14	0.00614035087719298	4560
Artibeus_jamaicensis	1736	9	34	0.00867794486215539	9521
Artibeus_jamaicensis	2008	18	0	0	20520
Artibeus_jamaicensis	2093	3	12	0.00701754385964912	3420
Artibeus_jamaicensis	2100	14	2	0.000769539632177812	10246
Artibeus_jamaicensis	2184	4	32	0.0149122807017544	4560
Artibeus_jamaicensis	2190	28	1	0.000124956265307143	31264
Artibeus_jamaicensis	2273	11	51	0.0149791951120332	12495
Artibeus_jamaicensis	2451	2	1	0.000877192982456140	2280
Artibeus_lituratus	1645	4	8	0.0108063175394846	1604
Artibeus_lituratus	1736	2	8	0.00701754385964912	2280
Artibeus_lituratus	2100	7	36	0.0147196341722320	5109
Artibeus_phaeotis	2094	3	3	0.00175438596491228	3420
Artibeus_phaeotis	2181	4	8	0.00394736842105263	4560
Artibeus_phaeotis	2184	4	9	0.00409356725146199	4560
Artibeus_toltecus	2094	2	29	0.0254385964912281	2280
Artibeus_toltecus	2182	2	26	0.0228070175438597	2280
Arvicanthis_niloticus	1939	2	2	0.00179856115107914	2225
Arvicanthis_niloticus	2029	13	5	0.00131872669356467	14437
Aselliscus_stoliczkanus	2593	2	0	0	2280
Aselliscus_stoliczkanus	2776	4	83	0.0435672514619883	4560
Aselliscus_tricuspidatus	1347	2	4	0.00350877192982456	2280
Avahi_laniger	1047	2	50	0.0438596491228070	2280
Avahi_laniger	1137	3	44	0.0257309941520468	3420
Avahi_laniger	1227	3	6	0.00350877192982456	3420
Avahi_laniger	1228	2	3	0.00263157894736842	2280
Avahi_laniger	1317	5	10	0.00368421052631579	5700
Avahi_occidentalis	1227	4	19	0.0106725146198830	4560
Balionycteris_maculata	1871	3	82	0.139100932994063	1232
Bandicota_indica	2140	2	1	0.000973709834469328	2132
Bandicota_indica	2231	3	35	0.0227198961376177	3187
Bandicota_indica	2321	2	5	0.00467726847521048	2174
Bandicota_savilei	2231	2	5	0.00448028673835125	2244
Barbastella_barbastellus	2561	2	0	0	1022
Barbastella_leucomelas	2416	3	7	0.00409356725146199	3420
Berylmys_berdmorei	2231	2	15	0.0176056338028169	1976
Berylmys_berdmorei	2321	2	10	0.00905797101449275	2208
Berylmys_bowersi	2231	3	2	0.00140498770635757	3172
Berylmys_bowersi	2232	5	140	0.0499010060456454	4550
Berylmys_bowersi	2321	2	13	0.0117647058823529	2213
Blarinella_griselda	2776	2	10	0.00877192982456140	2280
Brachyphylla_cavernarum	2189	5	1	0.000367309458218549	5445
Brachyphylla_cavernarum	2190	8	7	0.000919294138184208	8463
Brachyphylla_nana	2275	3	0	0	3318
Brachyphylla_nana	2277	3	10	0.00612520030969229	3266
Cacajao_calvus	1288	3	5	0.00293169158604515	3411
Cacajao_calvus	1468	3	6	0.00261982663048508	3274
Cacajao_calvus	1471	3	4	0.00234535326883612	3411
Cacajao_calvus	1560	2	0	0	2274
Cacajao_melanocephalus	1560	2	4	0.00351802990325418	2274
Cacajao_melanocephalus	1738	2	0	0	2274
Callosciurus_erythraeus	2416	2	21	0.0184210526315789	2280
Calomys_callosus	931	5	3	0.00200630823561229	3998
Calomyscus_baluchi	2492	5	29	0.0128082031413936	3471
Calomyscus_baluchi	2673	3	3	0.00498753117206983	1942
Calomyscus_hotsoni	2492	5	28	0.00983813882437992	5695
Calomys_musculinus	750	20	40	0.00894289842975169	10067
Calomys_musculinus	751	6	1	0.000714285714285714	2664
Calomys_musculinus	839	6	7	0.00500000000000000	3132
Calomys_musculinus	840	2	32	0.242424242424242	264
Caluromys_philander	1115	2	12	0.0200000000000000	1400
Canis_latrans	2716	45	5	0.00678469562744008	7361
Canis_latrans	2719	3	15	0.000877192982456140	2390
Canis_latrans	2811	2	0	0	2280
Capreolus_pygargus	2687	8	138	0.0508030639980232	8970
Capreolus_pygargus	2777	3	2	0.00116959064327485	3420
Capreolus_pygargus	2778	2	7	0.00614035087719298	2280
Carollia_castanea	1645	2	6	0.0149625935162095	802
Carollia_perspicillata	1645	2	63	0.157107231920200	802
Carollia_perspicillata	1646	2	1	0.00249376558603491	802
Carollia_perspicillata	1736	3	6	0.00997506234413965	1203
Castor_canadensis	3202	4	0	0	4554
Cavia_aperea	751	5	21	0.00873671520573586	5666
Cavia_aperea	840	3	43	0.0254385964912281	3420
Cavia_aperea	1021	2	7	0.00614035087719298	2280
Cavia_aperea	1200	6	52	0.0259633101017384	6357
Cavia_aperea	1827	4	2	0.00116959064327485	4560
Cavia_magna	752	3	1	0.000584795321637427	3420
Cavia_tschudii	1198	2	21	0.0340909090909091	1756
Cavia_tschudii	1287	2	8	0.00701754385964912	2280
Cephalophus_callipygus	1669	4	1	0.00105485232067511	2005
Cephalophus_dorsalis	1669	2	8	0.0155642023346304	1028
Cephalophus_dorsalis	2626	3	10	0.0129701686121920	1542
Cephalophus_leucogaster	1669	2	17	0.0334645669291339	1022
Cephalophus_natalensis	862	3	0	0	2168
Cephalophus_nigrifrons	1669	2	0	0	1028
Cephalophus_rufilatus	1941	3	5	0	2168
Cephalophus_silvicultor	1669	2	7	0.0138067061143984	1021
Cephalophus_silvicultor	2626	2	0	0	1028
Ceratotherium_simum	2232	4	7	0.00840643274853801	1824
Chaerephon_pumilus	862	2	1	0.00118343195266272	1690
Chaerephon_pumilus	863	3	7	0.00552268244575937	2535
Chaerephon_pumilus	953	2	0	0	1690
Cheirogaleus_crossleyi	1047	8	77	0.0287593984962406	9120
Cheirogaleus_crossleyi	1137	8	81	0.0206766917293233	9120
Cheirogaleus_crossleyi	1318	11	29	0.00922794923543241	12033
Cheirogaleus_major	957	13	7	0.00227170490328386	14820
Cheirogaleus_major	1047	15	6	0.00165413533834587	17100
Cheirogaleus_major	1137	3	7	0.00263157894736842	2526
Cheirogaleus_major	1138	10	30	0.0124677808264738	9994
Cheirogaleus_major	1228	7	11	0.0108401084010840	2586
Cheirogaleus_medius	1046	3	0	0	738
Cheirogaleus_medius	1047	13	89	0.0127080521817363	14820
Cheirogaleus_medius	1136	3	6	0.00350877192982456	3420
Cheirogaleus_medius	1137	3	16	0.00935672514619883	3420
Cheirogaleus_medius	1227	2	27	0.158823529411765	553
Cheirogaleus_medius	1318	6	89	0.0416374269005848	6840
Cheirogaleus_sibreei	1137	10	1	0.000467836257309942	11400
Chimarrogale_himalayica	2416	15	8	0.00176570458404075	16260
Chimarrogale_himalayica	2501	4	74	0.0330409356725146	4560
Chimarrogale_himalayica	2505	2	0	0	2280
Chimarrogale_himalayica	2683	2	4	0.00350877192982456	2280
Chimarrogale_himalayica	2772	4	53	0.0238304093567252	4560
Chimarrogale_himalayica	2776	2	2	0.00175438596491228	2280
Chinchilla_lanigera	748	3	14	0.0186613545816733	1581
Chionomys_gud	2936	3	0	0	3420
Chionomys_gud	2937	11	50	0.00914010720734702	12534
Chionomys_nivalis	2936	2	4	0.00487210718635810	1961
Chionomys_roberti	2846	6	4	0.00158437269813924	6827
Chionomys_roberti	2936	3	2	0.00117994100294985	3403
Chiromyscus_chiropus	2322	2	1	0.000975609756097561	2050
Chironax_melanocephalus	1871	2	2	0.00506329113924051	790
Chiropotes_chiropotes	933	4	16	0.00870057891494645	4383
Chlorocebus_aethiops	1313	6	18	0.00634361233480176	6810
Chlorocebus_pygerythrus	862	4	18	0.0105263157894737	4560
Chlorocebus_sabaeus	2115	25	27	0.00766666666666666	28500
Chlorocebus_sabaeus	2190	12	1	0.00198615367154693	3204
Chlorocebus_tantalus	2115	10	1	0.000409356725146199	11400
Chodsigoa_caovansunga	2412	2	2	0.00175438596491228	2280
Chodsigoa_hypsibia	2773	3	7	0.00409356725146199	3420
Chodsigoa_parca	2412	2	1	0.000877192982456140	2280
Chodsigoa_parca	2776	4	89	0.0393274853801170	4560
Cistugo_lesueuri	862	2	2	0.00176991150442478	2270
Colomys_goslingi	1762	3	35	0.0215882707565085	2682
Conepatus_chinga	568	2	4	0.00484261501210654	1652
Conepatus_chinga	570	2	2	0.00242130750605327	1652
Corynorhinus_mexicanus	2359	3	14	0.00918775918775919	3110
Corynorhinus_rafinesquii	2542	3	23	0.0142312245870990	3196
Corynorhinus_rafinesquii	2543	2	2	0.00203252032520325	1969
Corynorhinus_rafinesquii	2632	16	25	0.00953582425026282	16300
Corynorhinus_rafinesquii	2635	4	8	0.00407022036581222	3999
Corynorhinus_rafinesquii	2636	10	14	0.00456604116011502	10356
Corynorhinus_townsendii	2359	3	3	0.00195321627387754	3110
Corynorhinus_townsendii	2539	9	23	0.00678573594158788	8556
Corynorhinus_townsendii	2627	4	2	0.000975639356665873	4166
Corynorhinus_townsendii	2629	5	9	0.00388717779708751	5252
Corynorhinus_townsendii	2716	7	17	0.00744001984653141	7231
Corynorhinus_townsendii	2717	4	10	0.00526947265174229	4016
Corynorhinus_townsendii	2718	14	5	0.000759482181910598	14477
Corynorhinus_townsendii	2719	10	44	0.0141592274214784	10502
Corynorhinus_townsendii	2720	4	4	0.00262916467725088	4159
Corynorhinus_townsendii	2725	8	156	0.0393254665645247	8077
Corynorhinus_townsendii	2726	7	2	0.000530909382090304	7546
Corynorhinus_townsendii	2806	2	6	0.00598205383848455	2083
Corynorhinus_townsendii	2808	2	1	0.000982318271119843	2069
Corynorhinus_townsendii	2809	11	45	0.0200436794463469	11222
Corynorhinus_townsendii	2898	2	0	0	1961
Cricetomys_emini	1671	4	13	0.0135387014323707	2511
Crocidura_attenuata	2322	3	3	0.00317124735729387	2495
Crocidura_attenuata	2412	2	2	0.00175438596491228	2280
Crocidura_attenuata	2416	2	2	0.00497512437810945	804
Crocidura_caspica	2848	2	4	0.00357142857142857	2260
Crocidura_dsinezumi	2689	5	18	0.00807017543859649	5700
Crocidura_dsinezumi	2780	6	51	0.0245614035087719	6102
Crocidura_dsinezumi	2871	12	22	0.00317306853049194	11466
Crocidura_dsinezumi	2961	4	0	0	4560
Crocidura_eburnea	1934	9	72	0.0266123337512421	7051
Crocidura_goliath	1669	3	4	0.00671704450041982	1201
Crocidura_lasiura	2777	4	5	0.00219298245614035	3084
Crocidura_leucodon	2751	2	5	0.0155279503105590	660
Crocidura_leucodon	3019	4	1	0.00132013201320132	2020
Crocidura_obscurior	1934	15	82	0.0333958871981101	15339
Crocidura_olivieri	1934	2	2	0.00497512437810945	969
Crocidura_olivieri	1941	2	0	0	2270
Crocidura_rapax	2416	6	17	0.00662103018740882	5364
Crocidura_shantungensis	2687	4	7	0.00307017543859649	4560
Crocidura_shantungensis	2777	3	9	0.0223880597014925	1946
Crocidura_shantungensis	2868	4	3	0.00131578947368421	4560
Crocidura_shantungensis	2869	2	2	0.00175438596491228	2280
Crocidura_shantungensis	2906	5	0	0	5671
Crocidura_shantungensis	3127	2	1	0.000877192982456140	2280
Crocidura_sibirica	2767	2	3	0.00263388937664618	2279
Crocidura_sibirica	3126	3	1	0.000935016362786349	2993
Crocidura_suaveolens	2416	2	1	0.00248756218905473	804
Crocidura_suaveolens	2662	3	9	0.0197368421052632	945
Crocidura_suaveolens	2752	2	1	0.00326797385620915	612
Crocidura_suaveolens	2935	2	24	0.0848056537102474	677
Crocidura_suaveolens	2937	2	0	0	2276
Crocidura_suaveolens	3020	2	0	0	2280
Crocidura_suaveolens	3025	2	0	0	2280
Crocidura_suaveolens	3115	2	0	0	910
Crocidura_tanakae	2142	2	0	0	906
Crocidura_tanakae	2232	2	0	0	2280
Crocidura_tanakae	2416	2	1	0.000877192982456140	2280
Crocidura_viaria	2114	2	1	0.000970873786407767	2157
Crocidura_wuchihensis	2412	2	10	0.00877192982456140	2280
Crocuta_crocuta	1584	3	9	0.0163934426229508	1131
Crocuta_crocuta	2124	2	11	0.0300546448087432	732
Crocuta_crocuta	3016	2	0	0	2277
Crocuta_crocuta	3019	3	10	0.0182149362477231	1098
Cryptotis_goldmani	2181	3	3	0.00175438596491228	3420
Cryptotis_magna	2181	3	13	0.00760233918128655	3420
Cryptotis_mexicana	2181	6	44	0.0154720133667502	6330
Cryptotis_nelsoni	2272	5	33	0.0137719298245614	5700
Cryptotis_peregrina	2181	3	13	0.00760233918128655	3420
Cryptotis_phillipsii	2181	4	26	0.0121345029239766	4560
Ctenomys_coyhaiquensis	478	2	1	0.000877192982456140	2280
Ctenomys_dorbignyi	931	2	0	0	1376
Ctenomys_pearsoni	751	4	18	0.0145348837209302	2752
Ctenomys_perrensi	841	3	4	0	1802
Ctenomys_torquatus	841	2	11	0.00990990990990991	2220
Ctenomys_torquatus	842	8	22	0.00675675675675676	8910
Cynomys_ludovicianus	2539	8	15	0.00410607653698891	9117
Cynopterus_brachyotis	1783	4	47	0.0754726704673560	1576
Cynopterus_brachyotis	1871	5	41	0.0594543756240539	1971
Cynopterus_horsfieldii	1782	2	36	0.0315789473684211	2280
Cynopterus_horsfieldii	1783	3	38	0.0222222222222222	3420
Cynopterus_horsfieldii	1871	4	9	0.00350877192982456	3121
Cynopterus_horsfieldii	1875	3	21	0.0122807017543860	3420
Cynopterus_sphinx	1871	2	0	0	790
Cynopterus_sphinx	1961	2	7	0.0177215189873418	790
Dacnomys_millardi	2322	2	2	0.00197433366238894	2026
Dasyprocta_leporina	1832	28	38	0.0103953031873700	16495
Dendrolagus_lumholtzi	1252	3	2	0.00310077519379845	1290
Dicrostonyx_groenlandicus	3251	2	2	0.00225479143179256	1787
Dicrostonyx_richardsoni	3172	2	4	0.00803212851405622	1394
Dicrostonyx_torquatus	3105	3	5	0.00385329113743038	2338
Didelphis_aurita	1115	2	1	0.00125156445556946	1600
Dipodomys_elator	2541	2	3	0.00297619047619048	2016
Dipodomys_microps	2716	2	3	0.00709219858156028	846
Dipodomys_nelsoni	2359	2	0	0	2016
Dipodomys_ordii	2629	2	0	0	2016
Dipodomys_phillipsii	2271	13	46	0.0132147944647944	13104
Dipodomys_phillipsii	2359	2	7	0.00694444444444444	2016
Dipodomys_phillipsii	2360	4	55	0.0287698412698413	4032
Dromiciops_gliroides	567	2	0	0	2280
Ectophylla_alba	2005	3	1	0.000584795321637427	3420
Eidolon_helvum	1313	15	33	0.00486215538847119	17100
Eidolon_helvum	1671	5	9	0.00957178841309824	1985
Eidolon_helvum	1757	3	7	0.0117548278757347	1191
Eidolon_helvum	1758	2	7	0.0176322418136020	794
Eidolon_helvum	1848	35	45	0.0109010858751559	13895
Eliomys_quercinus	2838	3	5	0.00502085796203443	2002
Eliomys_quercinus	2839	3	14	0.0144037596013232	2441
Eliomys_quercinus	2927	4	12	0.00788743215161423	3054
Eliomys_quercinus	2928	3	37	0.0325754987840487	1948
Eliomys_quercinus	3017	3	31	0.0287902614333507	2387
Eliurus_myoxinus	1047	3	41	0.0250994796449342	3267
Eliurus_myoxinus	1228	4	18	0.0105601469237833	4356
Eliurus_webbi	1228	2	10	0.00918273645546373	2178
Emballonura_atrata	1047	3	0	0	3269
Eonycteris_spelaea	1967	2	2	0.00175438596491228	2280
Episoriculus_caudatus	2776	6	70	0.0339181286549708	6840
Episoriculus_fumidus	2416	3	38	0.0222222222222222	3420
Episoriculus_leucops	2776	4	11	0.00511695906432749	4560
Episoriculus_macrurus	2776	6	127	0.0561403508771930	6840
Epomophorus_gambianus	1850	17	37	0.00992647058823530	19380
Epomophorus_gambianus	1941	6	26	0.00941520467836257	6840
Eptesicus_nilssonii	3044	3	0	0	2778
Eptesicus_nilssonii	3111	2	0	0	1679
Eptesicus_nilssonii	3129	2	1	0.00161290322580645	1760
Eptesicus_serotinus	2907	3	7	0.00413606886572984	3397
Eptesicus_serotinus	2938	6	6	0.00268874956202740	6181
Eremitalpa_granti	862	2	0	0	2280
Eremoryzomys_polius	1466	2	1	0.000900090009000900	2251
Euchoreutes_naso	2765	2	9	0.00810810810810811	2220
Euchoreutes_naso	2768	4	6	0.00270270270270270	4440
Euchoreutes_naso	2859	8	25	0.00669240669240669	8880
Euchoreutes_naso	2860	3	0	0	3330
Eupetaurus_cinereus	2776	2	0	0	852
Euroscaptor_longirostris	2411	3	1	0.000584795321637427	3420
Euroscaptor_longirostris	2591	2	37	0.0324561403508772	2280
Euroscaptor_parvidens	2142	3	3	0.00183004675576913	3338
Euroscaptor_parvidens	2232	4	10	0.00593384828678946	4512
Euryoryzomys_macconnelli	1557	2	10	0.00877192982456140	2280
Euryoryzomys_russatus	1025	3	4	0.00332917186849771	2403
Galea_musteloides	748	2	49	0.0732436472346786	1809
Galea_musteloides	749	2	2	0.00210970464135021	2088
Galea_musteloides	929	4	38	0.0240349711103391	3515
Galea_musteloides	931	3	12	0.00730994152046784	3420
Galea_musteloides	1109	12	178	0.0532537350295328	13175
Galea_musteloides	1111	4	35	0.0159554568906155	4558
Galea_musteloides	1198	6	48	0.0211742690058480	6795
Galea_musteloides	1199	5	60	0.0253046475887190	5673
Galea_musteloides	1200	6	123	0.0556390977443609	4907
Galea_spixii	1566	2	5	0.00438596491228070	2280
Galemys_pyrenaicus	2833	6	7	0.00274853801169591	6840
Galemys_pyrenaicus	2834	45	31	0.00499202551834125	51300
Galemys_pyrenaicus	2835	43	18	0.00451904956188926	49020
Galemys_pyrenaicus	2836	17	1	0.000451496388028897	19380
Galemys_pyrenaicus	2924	23	22	0.00527009222661394	26220
Gazella_arabica	2306	3	14	0.00832218920060658	3383
Gazella_arabica	2574	4	5	0.00248591370516536	4323
Gazella_dorcas	2119	2	0	0	2280
Gazella_dorcas	2209	12	20	0.00463156099346510	9300
Gazella_dorcas	2215	3	0	0	3078
Gazella_dorcas	2304	9	19	0.00471923286012808	10055
Gazella_dorcas	2387	3	0	0	3420
Gazella_dorcas	2574	12	70	0.0149150647622069	13299
Gazella_leptoceros	2572	2	25	0.0227066303360581	2219
Genetta_genetta	862	3	1	0.00165425971877585	1209
Genetta_genetta	2487	4	0	0	1612
Genetta_genetta	2746	2	0	0	806
Genetta_maculata	1585	4	2	0.00673400673400674	792
Geomys_bursarius	2810	3	23	0.0134502923976608	3420
Geomys_bursarius	2811	2	8	0.00701754385964912	2280
Geomys_pinetis	2455	3	22	0.0162970343877113	2724
Geomys_pinetis	2544	4	18	0.0107529682724186	3815
Geomys_pinetis	2545	11	61	0.0186984016993738	10797
Geomys_pinetis	2634	6	80	0.0449129568640987	5409
Geomys_pinetis	2635	7	87	0.0307267949879845	6347
Gerbilliscus_afra	862	2	7	0.00616740088105727	2275
Gerbilliscus_brantsii	862	2	0	0	2280
Gerbilliscus_gambianus	2119	2	4	0.00391772771792360	2131
Gerbilliscus_guineae	2115	2	11	0.00966608084358524	2278
Gerbilliscus_kempi	2029	4	7	0.00361175211808051	4438
Gerbilliscus_leucogaster	862	2	8	0.00701754385964912	2280
Gerbillus_campestris	2563	2	19	0.0166666666666667	2280
Gerbillus_gerbillus	2472	10	25	0.00627680311890838	11400
Gerbillus_nanus	2202	2	8	0.00701754385964912	2280
Gerbillus_nanus	2296	2	24	0.0210526315789474	2280
Gerbillus_occiduus	2472	4	27	0.0119883040935673	4560
Gerbillus_occiduus	2563	14	23	0.00453055716213612	15960
Gerbillus_tarabuli	2203	3	9	0.00526315789473684	3420
Gerbillus_tarabuli	2291	2	8	0.00701754385964912	2280
Gerbillus_tarabuli	2564	2	11	0.00964912280701754	2280
Gerbillus_tarabuli	2565	3	11	0.00643274853801170	3420
Giraffa_camelopardalis	2743	2	0	0	2280
Giraffa_camelopardalis	2781	5	0	0	1910
Giraffa_camelopardalis	2871	2	4	0.0104712041884817	764
Giraffa_camelopardalis	3016	3	44	0.0257309941520468	3420
Glaucomys_sabrinus	2725	8	6	0.00332312726608448	3032
Glaucomys_sabrinus	2726	5	0	0	1575
Glaucomys_sabrinus	2805	2	2	0.00350262697022767	1142
Glaucomys_sabrinus	2808	4	0	0	1768
Glaucomys_sabrinus	2895	11	5	0.00556006258770066	3966
Glaucomys_sabrinus	2904	4	4	0.00793650793650794	1516
Glaucomys_sabrinus	2985	6	18	0.0305491389693990	1887
Glaucomys_sabrinus	2986	4	3	0.00476695986250126	1259
Glaucomys_sabrinus	3072	5	4	0.00140350877192982	5700
Glaucomys_sabrinus	3073	2	1	0.000877192982456140	2280
Glaucomys_sabrinus	3077	3	4	0.00849256900212314	943
Glaucomys_sabrinus	3162	2	2	0.00175438596491228	2280
Glaucomys_sabrinus	3249	2	1	0.00317460317460317	630
Glaucomys_volans	2093	3	1	0.00211640211640212	1201
Glaucomys_volans	2182	2	1	0.00175131348511384	1142
Glaucomys_volans	2271	6	1	0.000583771161704612	3426
Glaucomys_volans	2361	2	0	0	1142
Glaucomys_volans	2455	12	5	0.00240660293199697	5060
Glaucomys_volans	2543	4	1	0.00211640211640212	1260
Glaucomys_volans	2632	3	2	0.00270017327810673	1457
Glaucomys_volans	2725	4	1	0.00159068242135335	1258
Glaucomys_volans	2816	10	3	0.00218447786457127	4174
Glaucomys_volans	2909	3	1	0.00211640211640212	945
Glaucomys_volans	2994	3	2	0.00423280423280423	945
Glirulus_japonicus	2688	7	5	0.00348258706467662	3552
Glirulus_japonicus	2689	12	199	0.0712415692052975	9172
Glirulus_japonicus	2690	8	93	0.0336225570711038	4475
Glirulus_japonicus	2780	30	171	0.0225776292908499	13977
Glirulus_japonicus	2781	2	1	0.00310559006211180	724
Glirulus_japonicus	2871	8	120	0.0526205007351904	5430
Glis_glis	2749	2	1	0.00151057401812689	1358
Gorilla_gorilla	1938	3	1	0.00220750551876380	906
Gracilinanus_agilis	1111	4	6	0.00347020414020737	4072
Gracilinanus_agilis	1112	7	32	0.0106098579782790	7980
Gracilinanus_agilis	1203	2	0	0	2280
Gracilinanus_agilis	1204	5	50	0.0229824561403509	5700
Gracilinanus_agilis	1294	22	52	0.0135983899141794	25080
Gracilinanus_agilis	1295	6	11	0.00444444444444444	6840
Gracilinanus_agilis	1475	6	22	0.00936636222266027	6501
Gracilinanus_agilis	1476	3	25	0.0149122807017544	3420
Gracilinanus_agilis	1566	3	5	0.00292397660818713	3420
Gracilinanus_microtarsus	933	3	57	0.0688115202618307	1791
Gracilinanus_microtarsus	1115	4	54	0.0530736021584407	2731
Grammomys_dolichurus	862	2	3	0.00800000000000000	750
Graomys_griseoflavus	748	4	6	0.00847632901916148	1501
Graomys_griseoflavus	839	3	34	0.0604485515747477	1122
Graomys_griseoflavus	840	11	45	0.0468267940659824	4148
Gulo_gulo	3248	17	5	0.000851393188854491	19380
Handleyomys_melanotis	2181	2	0	0	2280
Handleyomys_melanotis	2269	3	8	0.00467836257309942	3420
Handleyomys_rostratus	2182	4	9	0.00497076023391813	4560
Handleyomys_saturatior	2183	3	9	0.00526315789473684	3420
Heimyscus_fumosus	1578	2	2	0.00175438596491228	2280
Heimyscus_fumosus	1668	5	77	0.0330352265888997	5697
Hemitragus_jemlahicus	629	2	8	0.0203562340966921	795
Herpestes_javanicus	2507	2	1	0.00132978723404255	1504
Herpestes_javanicus	2598	7	0	0	2814
Hipposideros_bicolor	1783	3	0	0	1230
Hipposideros_coxi	1783	3	0	0	1230
Hipposideros_larvatus	1783	2	0	0	826
Hipposideros_larvatus	2414	2	6	0.00526315789473684	2280
Hipposideros_pratti	2591	2	3	0.00263157894736842	2280
Hipposideros_pratti	2867	2	6	0.00526315789473684	2280
Hipposideros_ruber	1757	2	12	0.0105263157894737	2280
Hipposideros_ruber	1758	2	17	0.0149122807017544	2280
Hipposideros_ruber	1848	4	70	0.0383040935672515	4560
Hipposideros_ruber	1849	3	53	0.0309941520467836	3420
Hydropotes_inermis	2778	5	16	0.00754747932165797	5699
Hylaeamys_laticeps	1296	2	15	0.0187265917602996	1941
Hylobates_agilis	1512	2	17	0.0470914127423823	722
Hylobates_agilis	1514	2	12	0.0332409972299169	722
Hylobates_moloch	1512	12	11	0.00672351399498213	4332
Hylobates_moloch	1513	9	14	0.00954674087753497	3249
Hylomyscus_aeta	1848	3	1	0.000602772754671489	3368
Hylomyscus_alleni	1758	2	12	0.0105913503971756	2272
Hylomyscus_alleni	1759	4	10	0.00441970386851869	4532
Hylomyscus_alleni	1850	7	15	0.00344014583527776	6542
Hylomyscus_parvus	1668	9	190	0.0717742024450244	9420
Hylomyscus_parvus	1759	2	8	0.00722673893405601	2241
Hylomyscus_parvus	1848	2	9	0.00793650793650794	2274
Hylomyscus_parvus	1850	3	7	0.00405284649405590	3311
Hylomyscus_stella	1762	3	59	0.0348897085040928	3391
Hylopetes_lepidus	1784	2	0	0	679
Hylopetes_spadiceus	1784	2	3	0.0106382978723404	624
Isthmomys_pirrensis	1916	2	2	0.00175438596491228	2280
Jaculus_jaculus	2118	5	111	0.0581081081081081	5550
Jaculus_jaculus	2201	2	22	0.0198198198198198	2220
Jaculus_jaculus	2202	3	17	0.0102386969218296	3324
Jaculus_jaculus	2205	2	26	0.0234657039711191	2218
Jaculus_jaculus	2206	2	10	0.00901713255184851	2219
Jaculus_jaculus	2296	2	108	0.0974729241877256	2218
Jaculus_jaculus	2382	2	8	0.00720720720720721	2220
Jaculus_jaculus	2479	8	45	0.0167982680606666	8879
Jaculus_jaculus	2481	2	8	0.00726612170753860	2211
Jaculus_jaculus	2483	2	10	0.00900900900900901	2220
Jaculus_jaculus	2569	4	27	0.0139761602757993	4438
Jaculus_jaculus	2571	2	102	0.0918918918918919	2220
Jaculus_jaculus	2573	3	105	0.0632835367012582	3326
Jaculus_jaculus	2577	12	28	0.00552877965904815	13301
Jaculus_jaculus	2657	5	18	0.00886812828090467	5534
Jaculus_jaculus	2658	33	198	0.0601933456493502	36573
Jaculus_orientalis	2568	2	13	0.0116487455197133	2238
Jaculus_orientalis	2569	2	24	0.0215053763440860	2238
Jaculus_orientalis	2571	2	3	0.00267379679144385	2244
Jaculus_orientalis	2572	4	6	0.00267937217945103	4485
Jaculus_orientalis	2573	4	4	0.00178412274000509	4486
Jaculus_orientalis	2654	5	12	0.00483391584853478	5598
Jaculus_orientalis	2655	5	11	0.00519436755025304	5593
Jaculus_orientalis	2656	2	11	0.00982142857142857	2242
Jaculus_orientalis	2658	4	30	0.0162451097670630	4480
Jaculus_orientalis	2659	3	29	0.0172446509488017	3365
Jaculus_orientalis	2661	2	2	0.00178412132024978	2243
Jaculus_orientalis	2747	2	19	0.0169340463458111	2244
Jaculus_orientalis	2748	3	24	0.0143187644731675	3358
Kerivoula_hardwickii	1783	2	61	0.0535087719298246	2280
Kerivoula_hardwickii	1875	3	0	0	3420
Kerivoula_intermedia	1875	2	2	0.00175438596491228	2280
Kerivoula_minuta	1783	2	0	0	2280
Kerivoula_papillosa	1871	4	11	0.00511695906432749	4560
Kerivoula_pellucida	1871	2	17	0.0149122807017544	2280
Kerivoula_whiteheadi	1871	3	0	0	3420
Laephotis_botswanae	862	5	5	0.00175438596491228	5700
Laephotis_wintoni	862	2	1	0.000877192982456140	2280
Lagostrophus_fasciatus	974	2	0	0	2292
Lasiurus_xanthinus	2448	2	0	0	1602
Lemmus_amurensis	3146	3	1	0.00103039670273055	1941
Lemmus_lemmus	3199	3	3	0.00568181818181818	1056
Lemmus_lemmus	3290	13	3	0.00387396694214876	4871
Lemmus_sibiricus	3026	2	0	0	704
Lemmus_sibiricus	3301	7	3	0.00324675324675325	2464
Lemniscomys_striatus	1669	9	2	0.000729249535932113	7542
Lemniscomys_striatus	1671	18	40	0.0106263375547736	14038
Lemniscomys_striatus	1934	7	43	0.0224058602913243	6109
Lemniscomys_striatus	1941	3	6	0.00477326968973747	2514
Lemniscomys_zebra	2029	2	14	0.0125786163522013	2226
Leopoldamys_edwardsi	2231	6	12	0.00599815969521415	5819
Leopoldamys_edwardsi	2322	49	190	0.0665531292229131	42581
Leopoldamys_milleti	2052	3	2	0.00123800680903745	3357
Leopoldamys_neilli	2231	4	23	0.0155167799047911	4026
Leopoldamys_neilli	2232	3	10	0.00584795321637427	3420
Leopoldamys_sabanus	2052	7	25	0.00824331956976995	7306
Leopoldamys_sabanus	2412	2	0	0	1636
Lepilemur_ankaranensis	1318	21	26	0.00245958032335741	16848
Lepilemur_dorsalis	1318	11	2	0.000379326695116169	10964
Lepilemur_edwardsi	1137	2	0	0	704
Lepilemur_edwardsi	1227	5	2	0.00378787878787879	2548
Lepilemur_mustelinus	1138	5	0	0	2548
Lepilemur_ruficaudatus	1047	2	0	0	2280
Lepilemur_ruficaudatus	1136	6	4	0	5264
Lepilemur_ruficaudatus	1137	6	25	0.0105847953216374	6840
Lepilemur_septentrionalis	1318	5	26	0.00912280701754386	5700
Lepus_brachyurus	2688	15	36	0.00760233918128654	17100
Lepus_brachyurus	2689	40	79	0.0189901034637878	45600
Lepus_brachyurus	2690	28	39	0.00498726330018782	31919
Lepus_brachyurus	2779	5	2	0.000877192982456140	5700
Lepus_brachyurus	2780	32	67	0.00661573288058854	35766
Lepus_brachyurus	2781	19	27	0.00574535754591155	21660
Lepus_brachyurus	2962	9	11	0.00380116959064328	10260
Lepus_coreanus	2777	4	5	0.00233918128654971	4560
Lepus_sinensis	2412	3	0	0	1929
Lepus_timidus	2961	26	31	0.00321457489878541	29640
Lepus_timidus	3051	6	6	0.00210526315789474	6840
Lonchorhina_aurita	1736	3	1	0.00170068027210884	1178
Loxodonta_africana	862	6	5	0.00478438571768763	3625
Loxodonta_africana	953	50	13	0.00413891872538491	57000
Loxodonta_africana	1132	26	56	0.00415924426450741	29640
Loxodonta_africana	1222	50	63	0.0244948084496956	57000
Loxodonta_africana	1223	15	10	0.00451127819548873	17100
Loxodonta_africana	1402	67	6	0.00181389702206660	76380
Loxodonta_africana	1584	15	60	0.0233989190903445	17080
Loxodonta_africana	1585	46	55	0.00980567743446134	52430
Loxodonta_africana	1668	19	39	0.00612253472700450	21646
Loxodonta_africana	1671	7	70	0.0208044382801664	7931
Loxodonta_africana	1674	19	56	0.00526213013494487	21624
Loxodonta_africana	1675	90	12	0.000365989881069717	102600
Loxodonta_africana	1759	3	24	0.0140350877192982	3420
Loxodonta_africana	1850	3	12	0.00706090026478376	3399
Loxodonta_africana	1934	6	19	0.0258336398862873	2654
Loxodonta_africana	1939	9	64	0.0231968810916179	10260
Loxodonta_africana	2010	5	0	0	5663
Loxodonta_africana	2029	26	61	0.0251282051282051	29640
Lynx_rufus	2716	23	1	0.00200178255059216	3920
Macaca_nemestrina	1691	4	2	0.00205761316872428	2268
Macaca_nemestrina	1780	7	9	0.00487108423616360	3969
Macaca_pagensis	1690	3	3	0.00352733686067019	1701
Macaca_pagensis	1691	8	6	0.00453514739229025	4536
Macaca_radiata	2224	2	1	0.00248756218905473	804
Macaca_siberu	1690	7	3	0.00235155790711346	3969
Macroglossus_sobrinus	1781	3	1	0.00172265288544358	1161
Macroglossus_sobrinus	1871	11	9	0.00502701432933991	4316
Macrotarsomys_bastardi	957	2	0	0	1830
Macrotarsomys_bastardi	1136	2	3	0.00263157894736842	2280
Macrotis_lagotis	795	2	0	0	2292
Mandrillus_sphinx	2816	3	1	0.00141242937853107	1416
Marmosa_demerarae	1293	3	0	0	2409
Marmosa_demerarae	1296	4	8	0.00539643005396430	3212
Marmosa_demerarae	1831	2	13	0.0163111668757842	1597
Marmosa_demerarae	1832	10	22	0.00995942874325380	8002
Marmosa_murina	1115	2	4	0.00508259212198221	1588
Marmosa_murina	1557	2	3	0.00376411543287327	1617
Marmosa_murina	1832	22	41	0.00919042601894378	17502
Marmosa_paraguayanus	1114	2	4	0.00500625782227785	1602
Marmosa_paraguayanus	1115	2	16	0.0200501253132832	1599
Marmosa_paraguayanus	1204	7	19	0.00795112969962901	5619
Marmosa_paraguayanus	1205	2	0	0	1604
Marmosops_incanus	1115	4	77	0.0628808695537057	2753
Marmosops_parvidens	1831	4	26	0.0166584061979722	3403
Marmosops_parvidens	1832	5	26	0.00961920742931929	4524
Marmosops_pinheiroi	1831	2	8	0.00701754385964912	2280
Marmota_flaviventris	2716	4	2	0.00358296851091468	1331
Marmota_flaviventris	2807	6	2	0.00246913219286422	2000
Marmota_flaviventris	2808	3	1	0.00267737617135208	895
Martes_americana	2716	2	0	0	2280
Martes_americana	2805	18	7	0.00154798761609907	20520
Martes_americana	2809	4	1	0	2463
Martes_americana	2895	7	0	0	5184
Martes_americana	3072	65	36	0.0106233816215232	32160
Martes_americana	3073	5	0	0	3603
Martes_americana	3074	10	2	0.00163769211388259	5109
Martes_americana	3162	35	32	0.0128692042158071	17532
Martes_americana	3248	41	6	0.00199104031856642	18081
Martes_flavigula	2501	3	0	0	1944
Martes_foina	3018	4	5	0.00829187396351576	1608
Martes_foina	3108	3	9	0.00526315789473684	3420
Martes_martes	2270	9	5	0.00313547954393025	3190
Martes_martes	2631	5	1	0.00112676056338028	1775
Martes_martes	2838	27	9	0.00494951891074854	9071
Martes_martes	3108	3	3	0.00175438596491228	3420
Martes_melampus	2688	30	9	0.000526315789473685	34200
Martes_melampus	2689	11	7	0.00156299840510367	12540
Martes_melampus	2780	4	6	0.00263157894736842	4560
Martes_melampus	2871	4	34	0.0994517543859649	2504
Martes_pennanti	2716	6	1	0.000468762054652903	6831
Martes_pennanti	2897	4	1	0.000585952568316129	4554
Martes_pennanti	2902	4	2	0.00117190513663226	4554
Martes_pennanti	2903	2	0	0	2277
Martes_pennanti	3074	4	0	0	4554
Martes_zibellina	2866	3	4	0.00233918128654971	3420
Martes_zibellina	2959	9	27	0.00872319688109162	10260
Martes_zibellina	2961	9	21	0	5718
Martes_zibellina	2962	3	21	0.125000000000000	336
Martes_zibellina	3049	6	13	0.00909470638032011	4237
Martes_zibellina	3121	2	1	0.00138888888888889	1440
Martes_zibellina	3233	10	12	0.00354938271604938	7200
Mastomys_coucha	862	3	12	0.00715027121924227	3387
Mastomys_coucha	953	9	1	0.000671366230278617	5196
Mastomys_coucha	1130	2	5	0.00446428571428571	2260
Mastomys_erythroleucus	1933	3	2	0.00116959064327485	3420
Mastomys_erythroleucus	1934	2	43	0.0387387387387387	2225
Mastomys_erythroleucus	1939	2	0	0	2225
Mastomys_erythroleucus	2026	2	7	0.00631199278629396	2224
Mastomys_erythroleucus	2029	10	13	0.00408590842665237	11075
Mastomys_erythroleucus	2030	2	6	0.00538599640933573	2228
Mastomys_erythroleucus	2035	3	49	0.0293237582286056	3342
Mastomys_erythroleucus	2111	2	8	0.00928074245939675	1972
Mastomys_erythroleucus	2113	4	14	0.00676177164615449	4457
Mastomys_erythroleucus	2114	5	17	0.00717935353132585	5611
Mastomys_erythroleucus	2115	17	81	0.0246824631141494	18941
Mastomys_erythroleucus	2116	5	29	0.0121002766276714	5551
Mastomys_huberti	2112	2	0	0	2213
Mastomys_huberti	2114	3	7	0.00416311207880787	3379
Mastomys_kollmannspergeri	2029	4	7	0.00316455696202532	4451
Mastomys_kollmannspergeri	2119	5	8	0.00341331086015125	5571
Mastomys_natalensis	862	10	33	0.00735878072112144	11146
Mastomys_natalensis	1131	2	4	0.00373831775700935	2140
Mastomys_natalensis	1221	2	3	0.00263157894736842	2280
Mastomys_natalensis	1222	6	12	0.00601896919489553	4190
Mastomys_natalensis	1223	6	11	0.00618025022754971	4262
Mastomys_natalensis	1495	4	43	0.0192771551056247	4318
Mastomys_natalensis	1669	3	2	0.00119581464872945	3395
Mastomys_natalensis	1671	5	14	0.00687763569906605	5553
Mastomys_natalensis	1675	2	1	0.000877192982456140	2280
Mastomys_natalensis	1850	6	6	0.00193676281098226	6821
Mastomys_natalensis	1933	3	11	0.00605191302136880	3338
Mastomys_natalensis	1934	13	16	0.00428601352177413	14430
Mastomys_natalensis	1941	2	6	0.00548446069469835	2208
Mastomys_natalensis	2024	3	3	0.00175438596491228	3420
Mastomys_natalensis	2114	2	9	0.00789473684210526	2280
Mastomys_natalensis	2115	6	16	0.00586153131901898	6689
Mastomys_natalensis	2119	3	10	0.00614042229821419	3287
Maxomys_surifer	1602	3	7	0.00576551112250681	2437
Maxomys_surifer	2050	2	0	0	1493
Maxomys_surifer	2052	3	10	0.00814995925020375	2776
Maxomys_surifer	2231	2	0	0	2218
Maxomys_surifer	2412	2	3	0.00366748166259169	1636
Maxomys_whiteheadi	1870	2	41	0.0501222493887531	1636
Megaerops_wetmorei	1874	2	4	0.0101265822784810	790
Megaloglossus_woermanni	1579	3	17	0.00994152046783626	3420
Megaloglossus_woermanni	1671	3	15	0.00877192982456141	3420
Megaloglossus_woermanni	1759	2	4	0.00350877192982456	2280
Megaloglossus_woermanni	1849	4	13	0.00614035087719298	4560
Meles_anakuma	2780	3	3	0.00175438596491228	3420
Meles_meles	2662	2	1	0.000877192982456140	2280
Melonycteris_fardoulisi	1436	7	29	0.0533581510780208	2149
Melonycteris_fardoulisi	1525	11	4	0.00236896653834765	3377
Melonycteris_fardoulisi	1526	6	4	0.00434310532030402	1842
Melonycteris_melanops	1523	4	2	0.00325732899022801	1228
Melonycteris_melanops	1703	4	2	0.00325732899022801	1228
Melonycteris_woodfordi	1525	9	4	0.00343829171190735	2763
Mephitis_mephitis	2541	43	18	0.00498615264702798	25843
Mephitis_mephitis	2542	19	1	0.000583822284496599	11419
Mephitis_mephitis	2628	5	11	0.00415973377703827	3164
Mephitis_mephitis	2629	19	11	0.00435920639090794	11419
Mephitis_mephitis	2635	16	14	0.00428452579034941	9616
Mephitis_mephitis	2716	12	3	0.000907578278626531	6777
Mephitis_mephitis	2725	16	6	0.00313366611203549	9616
Mephitis_mephitis	2726	5	3	0.00299500831946755	3005
Mephitis_mephitis	2806	4	0	0	2404
Mephitis_mephitis	2809	17	15	0.0103014583537242	10217
Mephitis_mephitis	2811	9	10	0.00804215196894065	5409
Mephitis_mephitis	2813	17	27	0.0158069883527454	10217
Mephitis_mephitis	2814	15	17	0.0128040567308454	9015
Mephitis_mephitis	2895	9	2	0.00184877056757256	5409
Mephitis_mephitis	2898	13	14	0.00721020521353300	7813
Mephitis_mephitis	2900	6	11	0.00654464780920688	3606
Mephitis_mephitis	2904	13	17	0.0140790989376680	7813
Mephitis_mephitis	2907	5	16	0.0119800332778702	3005
Mephitis_mephitis	2908	15	15	0.00618017589731400	9015
Meriones_libycus	2657	3	9	0.00540540540540541	3330
Meriones_libycus	2658	5	24	0.00864864864864865	5550
Meriones_meridianus	2947	2	118	0.105357142857143	2260
Meriones_tamariscinus	2946	3	38	0.0228084322766726	3307
Mesophylla_macconnelli	1736	5	24	0.0109649122807018	4961
Metachirus_nudicaudatus	1115	4	12	0.00761348183590218	3159
Microcavia_niata	1199	2	0	0	2280
Microcebus_berthae	1136	10	2	0.000623781676413255	11400
Microcebus_griseorufus	1047	10	21	0.00580896686159844	11400
Microcebus_griseorufus	1137	11	1	0.000159489633173844	12540
Microcebus_murinus	1047	13	2	0.000265839392959212	13986
Microcebus_murinus	1136	6	18	0.00842403051820361	6839
Microcebus_murinus	1137	14	37	0.00670908039329092	15960
Microcebus_murinus	1228	12	34	0.0120281765018607	13680
Microcebus_myoxinus	1136	2	0	0	2280
Microcebus_myoxinus	1137	19	22	0.00636683599906430	21659
Microcebus_myoxinus	1227	2	3	0.00977198697068404	614
Microcebus_ravelobensis	1227	13	7	0.00158427420342387	13154
Microcebus_rufus	1047	26	51	0.00384885290148448	29640
Microcebus_rufus	1138	2	0	0	2280
Microcebus_sambiranensis	1227	9	0	0	10260
Microcebus_sambiranensis	1318	3	61	0.0356725146198830	3420
Microcebus_tavaratra	1318	12	9	0.00268001446338326	12845
Microdipodops_megacephalus	2716	39	19	0.0111216393411242	16497
Microdipodops_megacephalus	2717	46	46	0.0308290826986184	18938
Microdipodops_megacephalus	2805	15	16	0.0153177410555585	6245
Microdipodops_megacephalus	2806	53	66	0.0366090252111691	21959
Microdipodops_megacephalus	2807	9	32	0.0379801866875763	3727
Microdipodops_pallidus	2716	71	39	0.0329047571480893	30033
Microdipodops_pallidus	2717	16	8	0.00681639085894405	6768
Microdipodops_pallidus	2806	4	5	0.00630417651694247	1692
Micromys_minutus	2411	4	1	0.000437062937062937	4576
Micromys_minutus	2416	4	1	0.000584795321637427	4560
Micromys_minutus	2506	2	1	0.000877192982456140	2280
Micromys_minutus	2598	3	0	0	3420
Micromys_minutus	2687	4	5	0.00219298245614035	4560
Micromys_minutus	2688	6	2	0.00105263157894737	6840
Micromys_minutus	2689	12	3	0.000717703349282297	13680
Micromys_minutus	2780	6	2	0.000818713450292397	6840
Micromys_minutus	2868	2	9	0.00789473684210526	2283
Micromys_minutus	2871	3	1	0.000584795321637427	3420
Micromys_minutus	2927	4	5	0.00219298245614035	4560
Micromys_minutus	3018	2	6	0.00526315789473684	2280
Micromys_minutus	3108	2	1	0.000877192982456140	2280
Micromys_minutus	3126	8	8	0.00216165413533835	9120
Micronycteris_hirsuta	2010	2	4	0.00350877192982456	2280
Microperoryctes_longicauda	1611	3	20	0	2688
Micropteropus_pusillus	1850	20	39	0.00755309325946444	22800
Micropteropus_pusillus	1940	54	93	0.00868733679061384	61560
Micropteropus_pusillus	1941	22	52	0.00945925419609629	25080
Microtus_abbreviatus	3152	13	3	0.000746990208697203	14761
Microtus_agrestis	3014	7	28	0.00910609857978279	7980
Microtus_agrestis	3015	20	42	0.00589104339796859	22800
Microtus_agrestis	3016	4	17	0.00950292397660819	4560
Microtus_agrestis	3019	7	16	0.00517961570593150	7980
Microtus_agrestis	3020	12	36	0.00745614035087721	13680
Microtus_agrestis	3021	19	45	0.00798707294552167	21660
Microtus_agrestis	3037	3	14	0.00818713450292398	3420
Microtus_agrestis	3104	45	72	0.00785220627325880	51300
Microtus_agrestis	3105	29	56	0.0100452794547946	32760
Microtus_agrestis	3106	2	11	0.00964912280701754	2280
Microtus_agrestis	3108	7	11	0.00309106098579783	7980
Microtus_agrestis	3109	5	20	0.00736842105263158	5700
Microtus_agrestis	3110	16	27	0.00503654970760234	18240
Microtus_agrestis	3111	17	48	0.00853328173374612	19380
Microtus_agrestis	3194	13	26	0.00531938821412507	14820
Microtus_agrestis	3197	11	25	0.00564593301435407	12540
Microtus_agrestis	3198	5	14	0.00561403508771930	5700
Microtus_agrestis	3292	4	16	0.00716374269005848	4560
Microtus_agrestis	3293	2	4	0.00350877192982456	2280
Microtus_arvalis	2834	7	6	0.00200501253132832	7980
Microtus_arvalis	2835	8	6	0.00172305764411028	9120
Microtus_arvalis	2836	13	31	0.00589293747188485	14820
Microtus_arvalis	2925	14	18	0.00353769037979565	15960
Microtus_arvalis	2926	24	41	0.0125985252987541	27360
Microtus_arvalis	2927	13	28	0.00600539811066128	14820
Microtus_arvalis	3015	17	4	0.000786893704850362	19380
Microtus_arvalis	3016	36	12	0.00122946254525201	41040
Microtus_arvalis	3017	24	65	0.0138253241800152	27360
Microtus_arvalis	3018	9	0	0	10260
Microtus_arvalis	3020	5	12	0.00456140350877193	5700
Microtus_arvalis	3105	7	1	0.000250626566416040	7980
Microtus_arvalis	3107	9	7	0.00311890838206628	10260
Microtus_arvalis	3108	2	3	0.00263157894736842	2280
Microtus_arvalis	3195	58	23	0.00332781439381876	66120
Microtus_californicus	2715	11	11	0.00236133028661844	12537
Microtus_fortis	2503	20	17	0.00433979686057248	22800
Microtus_fortis	2505	20	22	0.00695290858725760	22800
Microtus_fortis	2594	19	12	0.00153893505694060	21660
Microtus_fortis	2772	20	12	0.00126038781163435	22800
Microtus_fortis	2776	4	0	0	4560
Microtus_fortis	2957	4	12	0.00661471942267015	4548
Microtus_fortis	2959	3	2	0.00116959064327485	3420
Microtus_gregalis	3036	2	0	0	2280
Microtus_gregalis	3120	4	21	0.0227765726681128	1844
Microtus_guentheri	2664	2	5	0.00444444444444444	2263
Microtus_miurus	3157	4	29	0.0150480367585631	4540
Microtus_miurus	3158	21	42	0.0130730986904555	23836
Microtus_miurus	3244	10	11	0.00344318492482686	11332
Microtus_miurus	3245	4	6	0.00263157894736842	4560
Microtus_miurus	3247	19	16	0.00377823830947247	21579
Microtus_miurus	3248	4	7	0.00380116959064327	4560
Microtus_miurus	3249	9	35	0.0104743030472754	10201
Microtus_ochrogaster	2814	2	0	0	2153
Microtus_oeconomus	3121	4	8	0.00350877192982456	4560
Microtus_oeconomus	3233	4	13	0.00570175438596491	4560
Microtus_richardsoni	2805	2	0	0	1494
Microtus_richardsoni	2895	6	19	0.00928157072735386	4482
Microtus_richardsoni	2896	6	7	0.00499776885319054	4482
Microtus_richardsoni	2897	12	12	0.00600381323272890	8964
Microtus_richardsoni	2899	9	0	0	6723
Microtus_richardsoni	2985	10	6	0.00297486241261342	7470
Microtus_richardsoni	2986	5	7	0.00508701472556894	3735
Microtus_subterraneus	2841	2	1	0.000877192982456140	2280
Microtus_subterraneus	2844	4	23	0.0102339181286550	4560
Microtus_subterraneus	2845	3	1	0.000584795321637427	3420
Microtus_subterraneus	2927	3	6	0.00350877192982456	3420
Microtus_subterraneus	2928	3	5	0.00292397660818713	3420
Microtus_subterraneus	2930	2	1	0.000877192982456140	2280
Microtus_subterraneus	3016	3	5	0.00292397660818713	3420
Microtus_subterraneus	3017	7	13	0.00375939849624060	7980
Microtus_subterraneus	3020	3	41	0.0239766081871345	3420
Microtus_subterraneus	3021	2	0	0	2280
Microtus_subterraneus	3111	2	0	0	2280
Miniopterus_fraterculus	862	2	2	0.00483091787439614	828
Miniopterus_natalensis	772	9	0	0	1053
Miniopterus_natalensis	860	6	0	0	1725
Miniopterus_natalensis	862	18	11	0.00750880177146424	3294
Miniopterus_natalensis	863	6	1	0.00284900284900285	702
Miniopterus_natalensis	953	7	1	0.00244200244200244	819
Miniopterus_schreibersii	2563	2	2	0.00374531835205993	1068
Miniopterus_schreibersii	2664	3	22	0.0274656679151061	1602
Miniopterus_schreibersii	2748	2	8	0.0149812734082397	1068
Miniopterus_schreibersii	2754	3	0	0	174
Miniopterus_schreibersii	2835	2	3	0.00561797752808989	1068
Miniopterus_schreibersii	2841	6	7	0.00511860174781523	3204
Miniopterus_schreibersii	2842	2	0	0	116
Miniopterus_schreibersii	2927	4	5	0.00468164794007491	2136
Miniopterus_schreibersii	2929	3	4	0.00499375780274657	1602
Miniopterus_schreibersii	2930	2	3	0.00561797752808989	1068
Miniopterus_schreibersii	2931	8	2	0.00127073301230605	4272
Miniopterus_schreibersii	3021	2	0	0	1068
Mirza_coquereli	1136	5	12	0.00438596491228070	5700
Mirza_coquereli	1137	5	2	0.00704225352112676	1708
Mogera_imaizumii	2690	3	66	0.0385964912280702	3420
Mogera_imaizumii	2780	4	65	0.0301169590643275	4560
Mogera_imaizumii	2871	25	45	0.00650877192982455	28500
Mogera_insularis	2416	3	5	0.00292397660818713	3420
Mogera_wogura	2598	2	7	0.00614035087719298	2280
Mogera_wogura	2688	9	13	0.00380116959064328	10260
Mogera_wogura	2689	6	51	0.0223391812865497	6840
Mogera_wogura	2690	2	4	0.00350877192982456	2280
Mogera_wogura	2866	3	1	0.000584795321637427	3420
Monodelphis_adusta	1557	6	8	0.00356372023038690	4198
Monodelphis_adusta	1736	2	0	0	1236
Monodelphis_americana	1115	6	4	0.00200608446294382	4791
Monodelphis_brevicaudata	1832	3	9	0.00750000000000000	2410
Monodelphis_brevicaudata	1920	4	5	0.00312761069340017	3198
Monodelphis_dimidiata	840	2	1	0.00123456790123457	1632
Monodelphis_dimidiata	932	2	3	0.00374531835205993	1611
Monodelphis_domestica	1109	4	7	0.00475794146206131	3231
Monodelphis_domestica	1200	2	10	0.0124378109452736	1614
Monodelphis_emiliae	1468	2	2	0.00248447204968944	1610
Monodelphis_glirina	1291	2	1	0.00128865979381443	1606
Monodelphis_glirina	1379	3	1	0.000823045267489712	2442
Monodelphis_kunsi	1019	3	4	0.00205329418812565	2520
Monodelphis_osgoodi	1198	2	1	0.00153609831029186	1458
Monodelphis_osgoodi	1199	5	2	0.00121631057114928	3432
Monodelphis_theresa	1024	3	30	0.0249392860913907	2409
Moschus_berezovskii	2591	4	0	0	4554
Muntiacus_muntjak	2232	2	11	0.00968309859154930	2276
Murina_puta	2416	211	109	0.00531018440156484	162321
Mus_callewaerti	1495	2	0	0	1112
Mus_caroli	1513	6	40	0.0161988304093567	6840
Mus_caroli	2052	5	31	0.0142105263157895	5700
Mus_caroli	2230	2	0	0	2280
Mus_caroli	2231	2	17	0.0149122807017544	2280
Mus_caroli	2321	6	36	0.0167251461988304	6840
Mus_caroli	2416	7	164	0.0427318295739349	7980
Mus_caroli	2507	6	158	0.0463742690058480	6840
Mus_caroli	2776	2	3	0.00263157894736842	2280
Mus_cervicolor	2141	3	15	0.00877192982456140	3420
Mus_cookii	2321	2	2	0.00175438596491228	2280
Mus_fragilicauda	2232	2	0	0	2280
Mus_haussa	2116	2	7	0.00614035087719298	2280
Mus_indutus	951	2	0	0	2280
Mus_indutus	1131	5	23	0.00842105263157895	5700
Mus_minutoides	770	3	47	0.0320714577140526	3183
Mus_minutoides	862	3	38	0.00359712230215827	2228
Mus_minutoides	953	3	70	0.0385964912280702	2836
Mus_minutoides	1131	6	52	0.0271929824561404	6840
Mus_minutoides	1934	43	25	0.00603331738900455	31878
Mus_setulosus	1934	14	60	0.0205206055575768	11458
Mus_setulosus	1941	2	52	0.0698924731182796	1884
Mustela_erminea	629	5	0	0	1277
Mustela_erminea	2780	2	1	0.00248756218905473	804
Mustela_erminea	2834	3	6	0.00350877192982456	3420
Mustela_erminea	2910	7	1	0.000501253132832080	7980
Mustela_erminea	2927	2	0	0	2280
Mustela_erminea	2928	2	2	0.00175438596491228	2280
Mustela_erminea	2929	2	0	0	2280
Mustela_erminea	3013	11	5	0.00140350877192983	12540
Mustela_erminea	3014	6	9	0.00263157894736842	6840
Mustela_erminea	3015	7	5	0.00125313283208020	7980
Mustela_erminea	3016	9	7	0.00194931773879142	10260
Mustela_erminea	3017	7	4	0.00175438596491228	7980
Mustela_erminea	3020	4	8	0.00365497076023392	4560
Mustela_erminea	3103	14	8	0.00164835164835165	15960
Mustela_erminea	3104	33	15	0.00268474215842636	37620
Mustela_erminea	3105	15	1	0.000116959064327485	17100
Mustela_erminea	3106	11	0	0	12540
Mustela_erminea	3107	3	6	0.00350877192982456	3420
Mustela_erminea	3111	7	7	0.00233918128654971	7980
Mustela_erminea	3115	4	3	0.00131578947368421	4560
Mustela_erminea	3126	3	1	0.00248756218905473	1936
Mustela_erminea	3127	2	2	0.00175438596491228	2280
Mustela_erminea	3198	3	0	0	3420
Mustela_erminea	3290	2	0	0	2280
Mustela_erminea	3292	5	3	0.00140350877192982	5700
Mustela_erminea	3293	2	1	0.000877192982456140	2280
Mustela_nivalis	2563	3	5	0.00292397660818713	3420
Mustela_nivalis	2749	3	1	0.000584795321637427	3420
Mustela_nivalis	2836	4	20	0.00906432748538012	4560
Mustela_nivalis	2838	5	9	0.00315789473684210	5700
Mustela_nivalis	2839	2	3	0.00263157894736842	2280
Mustela_nivalis	2928	4	20	0.00891812865497076	4560
Mustela_nivalis	2931	3	12	0.00701754385964912	3420
Mustela_nivalis	3017	2	1	0.000877192982456140	2280
Mustela_nivalis	3018	3	2	0.00116959064327485	3420
Mustela_nivalis	3105	2	0	0	2280
Mustela_nivalis	3108	4	2	0.00102339181286550	4560
Mustela_nivalis	3111	4	22	0.0114220410180381	4556
Myodes_andersoni	2780	3	42	0.0245614035087719	3420
Myodes_glareolus	2236	11	13	0.00366494436799710	11949
Myodes_glareolus	2626	3	3	0.00190839694656489	3144
Myodes_glareolus	2665	2	5	0.00466853408029879	2142
Myodes_glareolus	2750	6	11	0.00457930603578542	5857
Myodes_glareolus	2835	2	1	0.00101317122593718	1998
Myodes_glareolus	2836	10	25	0.0105865566765637	10360
Myodes_glareolus	2838	2	19	0.0209020902090209	1824
Myodes_glareolus	2839	9	15	0.00470362409650496	8722
Myodes_glareolus	2840	10	16	0.00596397352638692	9766
Myodes_glareolus	2841	15	29	0.00515546197395443	15675
Myodes_glareolus	2842	4	5	0.00325088822208738	4164
Myodes_glareolus	2923	3	7	0.00655036744041897	2138
Myodes_glareolus	2925	4	13	0.00636132315521629	4192
Myodes_glareolus	2926	2	3	0.00304568527918782	2033
Myodes_glareolus	2927	9	36	0.0112695882783476	8909
Myodes_glareolus	2928	31	62	0.0101251918462369	30624
Myodes_glareolus	2929	25	46	0.00527887409421397	25757
Myodes_glareolus	2930	12	18	0.00286188807796012	12524
Myodes_glareolus	2931	22	56	0.0116877194524849	22702
Myodes_glareolus	2932	16	46	0.0123785401878189	16621
Myodes_glareolus	3013	5	6	0.00421230124336165	3563
Myodes_glareolus	3014	11	24	0.00726593667770137	11781
Myodes_glareolus	3015	21	39	0.00755939356234434	22399
Myodes_glareolus	3016	6	19	0.00674985145573381	6290
Myodes_glareolus	3017	17	19	0.00309890270141325	18034
Myodes_glareolus	3018	16	33	0.00831125470128224	17234
Myodes_glareolus	3019	27	43	0.00783794865454407	29048
Myodes_glareolus	3020	45	62	0.00639442936404558	48859
Myodes_glareolus	3021	44	72	0.00956913529904666	47381
Myodes_glareolus	3023	3	5	0.00311235605353252	3213
Myodes_glareolus	3103	2	5	0.00701262272089762	1784
Myodes_glareolus	3104	25	46	0.00769317820651844	25698
Myodes_glareolus	3105	24	44	0.00396599839247052	25522
Myodes_glareolus	3106	4	6	0.00289218337078764	4211
Myodes_glareolus	3108	16	19	0.00321765460543756	16612
Myodes_glareolus	3109	15	94	0.0433701475349996	16206
Myodes_glareolus	3110	9	21	0.00527394193544864	10122
Myodes_glareolus	3111	19	42	0.00731709401627961	19620
Myodes_glareolus	3112	8	35	0.0191766008652700	6440
Myodes_glareolus	3117	14	15	0.00323195925765101	15303
Myodes_glareolus	3119	4	7	0.00324374420759963	4316
Myodes_glareolus	3121	11	68	0.0377913079991602	9526
Myodes_glareolus	3124	12	12	0.00242975068880362	13032
Myodes_glareolus	3126	4	92	0.0541627978953884	4308
Myodes_glareolus	3127	3	0	0	2598
Myodes_glareolus	3128	2	0	0	1732
Myodes_glareolus	3194	4	8	0.00389044506691566	4284
Myodes_glareolus	3198	6	4	0.00174907500840901	5946
Myodes_glareolus	3200	6	88	0.0503046511342679	6144
Myodes_glareolus	3201	2	0	0	2096
Myodes_glareolus	3202	5	11	0.00450124410585651	5078
Myodes_glareolus	3203	5	18	0.00854503464203233	4330
Myodes_glareolus	3290	8	8	0.00349040809743960	8222
Myodes_glareolus	3291	15	15	0.00299571810510031	15063
Myodes_glareolus	3292	11	85	0.0170568182698547	10984
Myodes_glareolus	3293	5	80	0.0327871676462652	5167
Myodes_glareolus	3294	23	76	0.0400003651334106	19918
Myodes_glareolus	3296	18	77	0.0402949478482694	15588
Myodes_glareolus	3299	9	12	0.00596612779060816	7794
Myodes_regulus	2777	8	8	0.00655795817086140	3224
Myodes_rex	2871	2	0	0	2280
Myodes_rex	2961	8	14	0.00570175438596492	9120
Myodes_rufocanus	2871	9	19	0.00695862359747399	9833
Myodes_rufocanus	2961	13	56	0.0102298092374589	13908
Myodes_rufocanus	2962	4	13	0.00629054884418264	4051
Myodes_rufocanus	3044	10	13	0.00552155582755338	8170
Myodes_rufocanus	3049	41	55	0.00570760265341029	36292
Myodes_rufocanus	3051	15	48	0.0166812379786676	12255
Myodes_rufocanus	3121	4	1	0.000815993472052224	3268
Myodes_rufocanus	3123	3	4	0.00326397388820889	2451
Myodes_rufocanus	3124	5	4	0.00148560817084494	5448
Myodes_rufocanus	3129	30	43	0.0176423416198878	24510
Myodes_rufocanus	3132	8	21	0.00748965436847934	7505
Myodes_rufocanus	3221	36	42	0.00632394940840470	29412
Myodes_rufocanus	3233	21	21	0.00463327812940736	17099
Myodes_rufocanus	3291	2	0	0	2184
Myodes_rufocanus	3294	13	7	0.00185399939545433	10670
Myodes_rutilus	2961	4	8	0.00365497076023392	4560
Myodes_rutilus	2962	2	6	0.00526315789473684	2280
Myodes_rutilus	3121	3	5	0.00384911470361817	2598
Myodes_rutilus	3122	2	4	0.00350877192982456	2280
Myodes_rutilus	3126	2	8	0.00701754385964912	2280
Myodes_rutilus	3208	3	3	0.00263504611330698	2277
Myodes_rutilus	3233	60	55	0.00523649203371413	46678
Myodes_rutilus	3234	6	23	0.0110671936758893	4554
Myodes_rutilus	3296	7	11	0.00362916529198284	6062
Myodes_rutilus	3299	5	4	0.00254041570438799	4330
Myoictis_melas	1611	2	52	0.0456140350877193	2280
Myomyscus_verreauxii	770	3	4	0.00234072157273488	3419
Myonycteris_angolensis	1671	3	14	0.00818713450292398	3420
Myonycteris_angolensis	1934	13	4	0.000652271704903284	14820
Myonycteris_torquata	1402	4	18	0.00818713450292398	4560
Myonycteris_torquata	1580	20	55	0.00777469990766390	22800
Myonycteris_torquata	1759	30	60	0.00598104456543655	34200
Myonycteris_torquata	1849	9	30	0.00701754385964912	10260
Myoprocta_acouchy	1832	2	3	0.00263620386643234	2278
Myotis_adversus	1427	2	5	0.00459136822773186	2178
Myotis_adversus	2866	2	2	0.00183654729109275	2178
Myotis_californicus	2541	4	13	0.00879507475813545	3032
Myotis_californicus	2628	2	1	0.00131926121372032	1516
Myotis_californicus	2629	2	23	0.0303430079155673	1516
Myotis_californicus	2716	2	9	0.0118733509234828	1516
Myotis_ciliolabrum	2628	3	4	0.00351802990325418	2274
Myotis_ciliolabrum	2629	3	23	0.0202286719437115	2274
Myotis_daubentonii	3105	3	6	0.0123456790123457	972
Myotis_ikonnikovi	2961	6	23	0.0116190476190476	4200
Myotis_lucifugus	2629	5	18	0.0126126126126126	3885
Myotis_lucifugus	2719	3	0	0	2331
Myotis_lucifugus	2809	4	5	0.00321750321750322	3108
Myotis_nattereri	2838	2	1	0.00123152709359606	1952
Myotis_nattereri	2926	13	107	0.0479881636261862	13797
Myotis_nattereri	2927	2	0	0	1623
Myotis_nattereri	3015	11	5	0.00272118352096539	3743
Myotis_nattereri	3017	2	0	0	1946
Myotis_nattereri	3105	5	0	0	3500
Myotis_pilosus	2865	2	0	0	2229
Myotis_septentrionalis	2910	4	0	0	2876
Myrmecobius_fasciatus	795	2	0	0	2292
Myzopoda_aurita	1137	6	27	0.00893383989109662	6550
Myzopoda_aurita	1138	4	2	0.000740031203047263	4500
Nasua_nasua	1204	2	1	0.00237529691211401	842
Neacomys_spinosus	1556	2	20	0.0249687890137328	1941
Necromys_lasiurus	931	6	5	0.00332917186849771	4806
Nectogale_elegans	2776	4	11	0.00482456140350877	4560
Nectomys_squamipes	934	2	0	0	2237
Neodon_irene	2411	2	0	0	2280
Neodon_irene	2681	2	0	0	2286
Neomys_anomalus	2927	2	5	0.00438596491228070	2280
Neotetracus_sinensis	2592	2	0	0	2282
Neotoma_albigula	2628	2	9	0.0400000000000000	451
Neotoma_fuscipes	2626	2	4	0.00540540540540541	1480
Neotoma_fuscipes	2715	5	67	0.0371912928997596	3669
Neotoma_fuscipes	2716	3	41	0.0369765570712797	2219
Neotoma_magister	2725	12	7	0.0135665250081726	2424
Neotoma_magister	2726	18	12	0.0152886478771524	4020
Neotoma_micropus	2541	2	2	0.00175438596491228	2280
Neotoma_micropus	2629	4	12	0.00687134502923977	4560
Neotoma_micropus	2630	11	15	0.00456140350877194	12540
Neotoma_micropus	2720	3	12	0.00701754385964912	3420
Nesoryzomys_swarthi	1643	2	1	0.000904977375565611	2245
Niviventer_confucianus	2411	2	2	0.00175438596491228	2280
Niviventer_fulvescens	2231	7	34	0.0132373323322807	7308
Niviventer_fulvescens	2322	9	192	0.0425696229249699	9905
Niviventer_fulvescens	2411	7	15	0.00668045023699698	6171
Niviventer_langbianis	2232	4	139	0.0824674428026921	4177
Niviventer_niviventer	2411	5	36	0.0214675831373837	3906
Notiosorex_crawfordi	2447	2	18	0.0157894736842105	2280
Notiosorex_crawfordi	2540	2	2	0.00175438596491228	2280
Nycticebus_bengalensis	2780	2	0	0	2280
Nyctomys_sumichrasti	1296	2	3	0.00263157894736842	2280
Ochotona_collaris	3161	16	10	0.00310392501791728	18227
Ochotona_collaris	3162	2	5	0.00438596491228070	2280
Ochotona_collaris	3249	2	0	0	2280
Ochotona_collaris	3250	2	10	0.00877192982456140	2280
Ochotona_hyperborea	3233	3	6	0.00350877192982456	3420
Ochotona_hyperborea	3328	2	12	0.0105263157894737	2280
Ochotona_nubrica	2675	3	27	0.0157894736842105	3420
Ochotona_roylei	2585	10	28	0.0256613756613756	5040
Oecomys_paricola	1653	12	33	0.0195663889234341	8772
Oecomys_rutilus	1832	2	3	0.00318809776833156	1882
Oligoryzomys_chacoensis	931	2	7	0.00873907615480649	1602
Oligoryzomys_flavescens	1024	3	12	0.00703605980650836	3414
Oligoryzomys_fulvescens	2005	2	59	0.0785619174434088	1570
Oligoryzomys_fulvescens	2006	2	0	0	2280
Oligoryzomys_longicaudatus	567	2	13	0.0142387732749179	1826
Oligoryzomys_longicaudatus	657	2	13	0.0142387732749179	1826
Oligoryzomys_longicaudatus	838	2	12	0.0131434830230011	1826
Oligoryzomys_microtis	1561	2	11	0.0157367668097282	1746
Oligoryzomys_stramineus	1203	2	0	0	2280
Oreoryzomys_balneator	1556	2	1	0.000962463907603465	2179
Oryx_gazella	862	4	0	0	4554
Oryzomys_couesi	1915	2	2	0.00175438596491228	2280
Oryzomys_couesi	2004	2	0	0	2280
Oryzomys_couesi	2093	4	46	0.0206140350877193	4560
Oryzomys_couesi	2182	2	9	0.00789473684210526	2280
Oryzomys_couesi	2183	8	30	0.0103070175438596	9120
Oryzomys_couesi	2184	2	11	0.00964912280701754	2280
Oryzomys_couesi	2272	3	6	0.00350877192982456	3420
Oryzomys_couesi	2451	2	4	0.00350877192982456	2280
Oryzomys_palustris	2455	54	56	0.00628133926710554	61560
Oryzomys_palustris	2544	5	5	0.00228070175438596	5700
Oryzomys_palustris	2634	7	10	0.00417710944026734	7980
Oryzomys_palustris	2636	16	15	0.00456140350877194	18240
Oryzomys_palustris	2727	8	11	0.00372807017543860	9120
Otomops_martiensseni	862	17	41	0.00894949613311462	17068
Otomys_angoniensis	862	2	5	0.00438596491228070	2280
Otomys_denti	862	10	158	0.0645001056859015	11090
Otomys_irroratus	770	3	29	0.0169590643274854	3420
Otomys_irroratus	772	3	72	0.0421052631578947	3420
Otomys_irroratus	862	3	78	0.0459064327485380	3420
Otomys_lacustris	862	8	120	0.0410540851249389	9118
Otomys_sloggetti	863	2	3	0.00276752767527675	2224
Otonycteris_hemprichii	2574	2	0	0	2254
Otopteropus_cartilagonodus	2236	24	29	0.0154358411763574	18072
Ovis_ammon	2587	2	7	0.00614035087719298	2280
Paguma_larvata	2412	2	3	0.00535714285714286	1120
Panthera_leo	953	3	0	0	3420
Panthera_leo	1939	2	1	0.000877192982456140	2280
Panthera_leo	1941	2	1	0.000951474785918173	2102
Panthera_leo	2029	5	0	0	5700
Panthera_leo	3105	2	3	0.00285442435775452	2102
Panthera_tigris	2230	2	0	0	1369
Panthera_tigris	2321	13	0	0	7475
Panthera_tigris	2592	3	54	0.0590163934426229	1830
Panthera_tigris	2868	9	0	0	6346
Pan_troglodytes	1671	2	4	0.00350569675723050	2282
Papio_cynocephalus	862	2	0	0	2282
Papio_cynocephalus	1313	2	125	0.110132158590308	2275
Papio_ursinus	1495	2	0	0	2282
Pappogeomys_bulleri	2269	13	128	0.0436100332242766	13143
Pappogeomys_bulleri	2270	5	111	0.0501483679525223	5055
Paradoxurus_hermaphroditus	1513	5	12	0.0105956662533576	2779
Paradoxurus_hermaphroditus	1691	4	28	0.0212631634758666	2941
Paradoxurus_hermaphroditus	1692	2	0	0	1741
Paradoxurus_hermaphroditus	1871	12	17	0.00513753133073749	9596
Paradoxurus_hermaphroditus	1875	4	6	0.00903614457831325	1328
Parascaptor_leucura	2410	2	3	0.00263157894736842	2280
Parascaptor_leucura	2501	4	139	0.0621345029239766	4560
Paruromys_dominator	1606	3	52	0.0311907085105852	3292
Pecari_tajacu	1827	6	0	0	4792
Pecari_tajacu	1828	11	3	0.00106430613600231	8771
Pecari_tajacu	1917	5	44	0.0248492729380743	4008
Pecari_tajacu	1918	13	29	0.0105474772276467	10370
Pecari_tajacu	2007	18	48	0.00875124545508638	14442
Pecari_tajacu	2628	3	9	0	1555
Perognathus_longimembris	2626	7	31	0.0156378600823045	5670
Perognathus_longimembris	2627	2	17	0.0209876543209877	1620
Perognathus_longimembris	2716	2	0	0	846
Peromyscus_beatae	2181	29	36	0.00767532255134732	32537
Peromyscus_californicus	2626	2	6	0.00526315789473684	2280
Peromyscus_keeni	3072	148	37	0.00495201660930954	82874
Peromyscus_keeni	3073	28	13	0.00582955404383979	15680
Peromyscus_keeni	3074	10	8	0.00710317460317460	5600
Peromyscus_keeni	3159	10	6	0.00380952380952381	5600
Peromyscus_keeni	3161	2	0	0	1120
Peromyscus_keeni	3162	45	18	0.00574721144488592	25199
Peromyscus_maniculatus	2897	4	6	0.00565476190476191	2240
Peromyscus_melanotis	2628	13	1	0.000432152117545376	13884
Peromyscus_polionotus	2545	12	19	0.00514021206738791	13512
Petaurus_gracilis	1252	2	5	0.0126582278481013	792
Petaurus_norfolcensis	711	8	7	0.00665707088880892	3176
Petaurus_norfolcensis	712	26	12	0.00952528579732608	10322
Petaurus_norfolcensis	802	19	10	0.00989880242167134	7543
Petaurus_norfolcensis	803	2	3	0.00755667506297229	794
Petaurus_norfolcensis	804	4	1	0.00125944584382872	1588
Petaurus_norfolcensis	894	6	6	0.00503778337531486	2382
Petaurus_norfolcensis	984	28	12	0.00598403369184227	11116
Petaurus_norfolcensis	1071	3	4	0.00671704450041982	1191
Petaurus_norfolcensis	1162	2	7	0.0176322418136020	794
Petaurus_norfolcensis	1163	9	6	0.00531766022949902	3573
Petrogale_lateralis	795	2	1	0.000877192982456140	2280
Phascogale_tapoatafa	794	2	0	0	2292
Philantomba_maxwellii	2626	2	5	0.00982318271119843	1019
Philantomba_monticola	1669	2	3	0.00750000000000000	802
Philantomba_monticola	1671	4	4	0.00497512437810945	1608
Philantomba_monticola	1758	7	1	0.000710732054015636	2814
Philantomba_monticola	1941	11	7	0.00388964269561284	4422
Phodopus_campbelli	2951	9	24	0.00524934383202100	10287
Phodopus_campbelli	2952	2	8	0.00699912510936133	2286
Phodopus_campbelli	3038	10	27	0.00773792164868280	11430
Phodopus_campbelli	3039	14	10	0.00124984376952881	16002
Phodopus_campbelli	3040	4	6	0.00291630212890055	4572
Phodopus_campbelli	3041	5	11	0.00402449693788277	5715
Phodopus_campbelli	3042	2	4	0.00349956255468067	2286
Phodopus_campbelli	3044	5	28	0.0107611548556430	5715
Phodopus_roborovskii	2947	5	3	0.00105263157894737	5700
Phodopus_roborovskii	2949	5	11	0.00403508771929825	5700
Phodopus_roborovskii	2950	8	21	0.00679824561403509	9120
Phodopus_roborovskii	2951	6	18	0.00584795321637427	6840
Phodopus_roborovskii	3039	9	18	0.00365497076023392	10260
Phodopus_roborovskii	3040	2	12	0.0105263157894737	2280
Phodopus_sungorus	3034	5	10	0.00524934383202100	5715
Phodopus_sungorus	3036	4	12	0.00539515893846602	4572
Phodopus_sungorus	3125	11	11	0.00314960629921260	12573
Phodopus_sungorus	3128	4	4	0.00189559638378536	4572
Phyllotis_andium	1376	4	47	0.0248846610810227	4557
Phyllotis_andium	1466	2	54	0.0530973451327434	2154
Phyllotis_darwini	838	2	4	0.00455062571103527	2019
Phyllotis_magister	1198	4	17	0.0109659289624153	4139
Pipanacoctomys_aureus	929	12	62	0.0166826637414873	7956
Pipistrellus_hesperus	2541	2	0	0	800
Pipistrellus_kuhlii	2561	2	1	0.00194174757281553	1030
Pipistrellus_maderensis	2472	10	10	0.00681769147788566	5150
Pipistrellus_maderensis	2651	5	1	0.000851517488545116	2373
Pipistrellus_savii	2472	5	5	0.00427184466019418	2575
Pipistrellus_subflavus	2541	3	5	0.00833333333333333	1200
Plagiodontia_aedium	2187	9	52	0.0154970760233918	10260
Plagiodontia_aedium	2278	5	4	0.00157894736842105	5700
Platyrrhinus_dorsalis	1736	2	4	0.00350877192982456	2280
Plecotus_teneriffae	2471	2	1	0.00195694716242661	1022
Plecotus_teneriffae	2561	3	9	0.0117416829745597	1533
Praomys_daltoni	1936	5	17	0.00600356824264050	5681
Praomys_daltoni	2024	2	17	0.0151650312221231	2242
Praomys_daltoni	2026	3	105	0.0624442462087422	3382
Praomys_daltoni	2112	2	5	0.00446030330062444	2261
Praomys_daltoni	2113	4	45	0.0211413850925510	4499
Praomys_daltoni	2114	3	2	0.00118522981872940	3398
Praomys_daltoni	2115	2	2	0.00178412132024978	2261
Praomys_daltoni	2205	3	33	0.0194717018535038	3401
Praomys_delectorum	1585	3	12	0.00717308026001415	3375
Praomys_derooi	1936	7	5	0.00152438918585354	7767
Praomys_jacksoni	1579	3	28	0.0252252252252252	2589
Praomys_jacksoni	1762	5	51	0.0196726647842073	4891
Praomys_jacksoni	1763	2	0	0	2252
Praomys_jacksoni	1941	4	26	0.0215843346684468	2996
Praomys_lukolelae	1579	3	7	0.00626398210290828	2567
Praomys_lukolelae	1580	4	12	0.00547965517849867	4504
Praomys_lukolelae	1762	11	19	0.00852169908255318	8712
Praomys_minor	1762	9	18	0.00750478407667192	7900
Praomys_misonnei	1668	3	9	0.00531967706788496	3390
Praomys_misonnei	1759	3	1	0.000607718018839259	3356
Praomys_misonnei	1762	9	21	0.00546262074051160	8305
Praomys_misonnei	1763	4	14	0.00627288988376270	4494
Praomys_misonnei	1848	3	15	0.00956372309747529	3027
Praomys_misonnei	1849	2	7	0.00637522768670310	2231
Praomys_misonnei	1936	7	16	0.00408043755636311	7896
Praomys_misonnei	1937	4	6	0.00318952001212614	4492
Praomys_morio	1848	11	25	0.00610527023479906	11834
Praomys_mutoni	1671	2	6	0.00805369127516779	1844
Praomys_mutoni	1762	15	15	0.00453744839571528	12112
Praomys_petteri	1668	3	36	0.0220877069325132	3350
Praomys_petteri	1759	6	5	0.00222770415082328	6705
Praomys_rostratus	1933	2	4	0.00354295837023915	2269
Praomys_rostratus	1934	58	84	0.0140326123799709	47972
Praomys_rostratus	2010	15	26	0.00594343000358037	11970
Praomys_rostratus	2022	5	53	0.0218487080931027	5655
Praomys_rostratus	2023	2	18	0.0160000000000000	2259
Praomys_rostratus	2115	6	1	0.000668337510442774	4788
Praomys_tullbergi	1845	3	14	0.00819380907639306	3419
Praomys_tullbergi	1934	12	3	0.00119617224880383	9576
Praomys_tullbergi	1935	6	14	0.00400798350022880	6804
Praomys_verschureni	1671	3	3	0.00198807157057654	3285
Prionailurus_bengalensis	2777	5	1	0.000362976406533575	5656
Procyon_lotor	2689	7	49	0.0174889730923615	7971
Procyon_lotor	2690	2	7	0.00614035087719298	2280
Procyon_lotor	2691	4	0	0	4554
Procyon_lotor	2871	2	0	0	2277
Proechimys_guyannensis	1832	3	4	0.00233918128654971	3420
Pseudantechinus_roryi	976	6	103	0.0455555555555556	6840
Pseudois_nayaur	2500	2	25	0.0219298245614035	2280
Pseudois_nayaur	2590	8	57	0.0177318295739348	9120
Pseudois_nayaur	2591	6	51	0.0206546729715715	6838
Pseudois_nayaur	2592	4	0	0	4560
Pseudois_nayaur	2682	2	1	0.000877192982456140	2280
Pseudois_nayaur	2771	4	28	0.0125730994152047	4560
Pseudois_nayaur	2776	6	20	0.00667324126139567	6837
Pseudois_schaeferi	2590	4	11	0.00513059588842319	4554
Ptenochirus_minor	1967	30	33	0.00853987068965516	23040
Ptenochirus_minor	2057	16	10	0.00202907986111111	12288
Pteromys_volans	2777	14	23	0.00615962984384038	15960
Pteromys_volans	3047	5	15	0.00614035087719298	5700
Pteronotus_parnellii	2189	2	4	0.00350877192982456	2280
Pteropus_livingstonii	1317	11	5	0.00113332793653364	12370
Pteropus_poliocephalus	2545	7	9	0.00364767726351719	7860
Pteropus_rodricensis	2545	2	1	0.000890471950133571	2246
Pteropus_seychellensis	1316	10	4	0.000850983602018121	11229
Pteropus_seychellensis	1317	10	5	0.00135140422815243	11212
Pteropus_seychellensis	1406	9	4	0.00139987764999443	10049
Pteropus_seychellensis	1589	2	3	0.00297324083250743	2039
Pteropus_vampyrus	1783	3	3	0.00506329113924051	1185
Pteropus_voeltzkowi	1585	2	7	0.00683593750000000	2048
Puma_concolor	932	5	4	0.00571428571428572	1925
Puma_concolor	1112	9	2	0.00259740259740260	3465
Puma_concolor	2628	3	0	0	1592
Puma_concolor	2716	4	2	0.00603626627723013	664
Puma_concolor	2986	2	0	0	770
Rattus_andamanensis	2052	9	36	0.0112085769980507	10260
Rattus_andamanensis	2140	2	10	0.00893655049151028	2247
Rattus_argentiventer	2051	5	1	0.000362669887449565	5520
Rattus_argentiventer	2052	8	18	0.00771205253908056	9118
Rattus_exulans	629	3	1	0.000990589400693413	2019
Rattus_exulans	1086	3	0	0	2019
Rattus_exulans	1270	4	2	0.00148736038926768	2690
Rattus_exulans	1517	2	1	0.00277777777777778	741
Rattus_exulans	1611	4	0	0	2692
Rattus_exulans	2050	3	2	0	2087
Rattus_exulans	2052	2	1	0.000877192982456140	2280
Rattus_exulans	2140	5	4	0.00182607898001141	5211
Rattus_exulans	2141	6	1	0.000419815281276238	5497
Rattus_exulans	2231	13	7	0.00195648923270347	12630
Rattus_exulans	2321	2	0	0	2209
Rattus_leucopus	1611	2	0	0	2283
Rattus_morotaiensis	1787	5	10	0.00588551086750812	4467
Rattus_niobe	1611	2	0	0	2286
Rattus_nitidus	2321	3	4	0.00241491245327563	3314
Rattus_rattus	862	28	16	0.00529246396414316	31740
Rattus_rattus	1046	2	1	0.000882612533097970	2266
Rattus_rattus	1112	7	0	0	7980
Rattus_rattus	1222	12	13	0.00469165337586391	13680
Rattus_rattus	1223	9	12	0.00469086453514309	8241
Rattus_rattus	1270	2	0	0	1346
Rattus_rattus	2045	7	16	0.00582051280379749	7048
Rattus_rattus	2561	2	1	0.00146627565982405	1364
Rattus_rattus	2715	82	62	0.00722919970436481	71767
Rattus_tanezumi	862	27	1	6.49772579597141e-05	30780
Rattus_tanezumi	1223	5	3	0.00159574468085106	4148
Rattus_tanezumi	2052	8	43	0.000417931371965534	8521
Rattus_tanezumi	2140	9	26	0.00646428274718940	9269
Rattus_tanezumi	2231	53	64	0.00654553882237848	53671
Rattus_tanezumi	2321	10	27	0.00775917547949120	11104
Rattus_tanezumi	2322	9	16	0.00423976608187135	10260
Rattus_tanezumi	2507	2	2	0.00175438596491228	2280
Rattus_tanezumi	2598	3	43	0.0251461988304094	3420
Rattus_tiomanicus	2052	8	36	0.0103070175438596	9120
Rattus_tiomanicus	2143	2	14	0.0122807017543860	2280
Reithrodontomys_megalotis	2271	2	6	0.00621118012422360	2079
Reithrodontomys_mexicanus	1112	4	161	0.0807790549169860	4176
Reithrodontomys_sumichrasti	2181	6	11	0.00416681813445590	6488
Rhabdomys_pumilio	862	27	310	0.0709619268683265	30738
Rhinolophus_affinis	1783	2	0	0	826
Rhinolophus_affinis	1871	2	1	0.00242130750605327	826
Rhinolophus_arcuatus	1516	5	9	0.00336938714824657	5652
Rhinolophus_arcuatus	1967	2	2	0.00175438596491228	2280
Rhinolophus_arcuatus	2056	5	6	0.00234067966402096	5243
Rhinolophus_borneensis	1874	2	1	0.00242130750605327	826
Rhinolophus_celebensis	1516	3	16	0.00947174761479231	3385
Rhinolophus_celebensis	1696	2	1	0.00126262626262626	1930
Rhinolophus_creaghi	1874	2	2	0.00484261501210654	826
Rhinolophus_darlingi	860	7	109	0.0341995894046367	6657
Rhinolophus_darlingi	861	2	1	0.00105152471083070	1902
Rhinolophus_darlingi	952	6	158	0.0777427269540834	5706
Rhinolophus_euryotis	1696	3	10	0.00526999503082537	3074
Rhinolophus_ferrumequinum	2776	2	3	0.00263157894736842	2280
Rhinolophus_ferrumequinum	2777	4	0	0	4554
Rhinolophus_hipposideros	2654	2	1	0.000902527075812274	2216
Rhinolophus_hipposideros	2662	2	0	0	2216
Rhinolophus_hipposideros	2664	33	22	0.00461065405288247	36562
Rhinolophus_hipposideros	2665	3	4	0.00240673886883273	3324
Rhinolophus_hipposideros	2744	31	30	0.00873880206971050	34346
Rhinolophus_hipposideros	2745	9	2	0.000701965503409546	9972
Rhinolophus_hipposideros	2748	7	0	0	7756
Rhinolophus_hipposideros	2749	3	1	0.000601684717208183	3324
Rhinolophus_hipposideros	2751	4	40	0.0188026474127557	4432
Rhinolophus_hipposideros	2833	2	0	0	2216
Rhinolophus_hipposideros	2835	9	1	0.000501403931006819	9972
Rhinolophus_hipposideros	2836	4	24	0.0120336943441637	4432
Rhinolophus_hipposideros	2839	5	23	0.00830324909747293	5540
Rhinolophus_hipposideros	2841	5	1	0.000361010830324910	5540
Rhinolophus_hipposideros	2842	26	2	0.000535984810000839	28807
Rhinolophus_hipposideros	2926	15	6	0.000722021660649819	16620
Rhinolophus_hipposideros	2927	20	5	0.000451460939653867	22158
Rhinolophus_hipposideros	2928	6	2	0.000842576015010050	6647
Rhinolophus_hipposideros	2929	16	2	0.000225747268503571	17726
Rhinolophus_hipposideros	2932	21	18	0.00410516466104406	23265
Rhinolophus_hipposideros	3013	58	4	0.000124424547388034	64227
Rhinolophus_hipposideros	3015	62	2	5.82837003811270e-05	68660
Rhinolophus_hipposideros	3020	2	0	0	2216
Rhinolophus_hipposideros	3021	2	0	0	2216
Rhinolophus_hipposideros	3103	18	5	0.00124466152285223	19944
Rhinolophus_luctus	1783	2	0	0	822
Rhinolophus_macrotis	2776	3	22	0.0128654970760234	3420
Rhinolophus_pearsonii	2413	2	99	0.0868421052631579	2280
Rhinolophus_philippinensis	1874	2	0	0	826
Rhinolophus_pusillus	1965	2	0	0	826
Rhinolophus_pusillus	2506	2	1	0.000877192982456140	2280
Rhinolophus_pusillus	2591	2	13	0.0114035087719298	2280
Rhinolophus_pusillus	2780	2	8	0.00701754385964912	2280
Rhinolophus_pusillus	2961	2	0	0	2280
Rhinolophus_sinicus	2593	3	15	0.00951563691838291	3200
Rhinolophus_stheno	1871	2	2	0.00502512562814070	817
Rhinolophus_trifoliatus	1871	3	1	0.00164462344004121	1230
Rhinophylla_pumilio	1832	2	40	0.0350877192982456	2280
Rousettus_amplexicaudatus	1965	2	4	0.0101265822784810	790
Rousettus_amplexicaudatus	1967	2	8	0.00701754385964912	2280
Rousettus_lanosus	1585	2	8	0.00701754385964912	2280
Rousettus_leschenaultii	2776	2	9	0.00789473684210526	2280
Saccopteryx_bilineata	1736	4	8	0.0120532003325021	1604
Saccostomus_campestris	951	4	11	0.00511627906976744	4300
Saccostomus_campestris	953	8	14	0.00401993355481728	8600
Saccostomus_campestris	954	2	4	0.00372093023255814	2150
Saccostomus_campestris	1040	5	6	0.00241860465116279	5375
Saccostomus_campestris	1043	2	9	0.00837209302325582	2150
Saccostomus_campestris	1222	3	7	0.00246034855542496	3086
Saimiri_boliviensis	2817	3	1	0.000584795321637427	3420
Saimiri_sciureus	1832	18	52	0.0133986928104575	20520
Sciurus_anomalus	2754	3	10	0.00584795321637427	3420
Sciurus_lis	2689	4	8	0.00409356725146199	4560
Sciurus_lis	2690	6	17	0.00549912973830538	6839
Sciurus_lis	2780	6	12	0.00385964912280702	6840
Sciurus_lis	2781	7	11	0.00375939849624060	7980
Sciurus_lis	2871	2	8	0.00701754385964912	2280
Sciurus_variegatoides	1112	3	26	0.0157921481548328	3310
Sciurus_vulgaris	2927	2	3	0.00835654596100279	718
Sciurus_vulgaris	2929	3	4	0.00742804085422470	1077
Sciurus_vulgaris	2961	3	8	0.00467836257309941	3420
Sciurus_vulgaris	3133	2	2	0.00557103064066852	718
Scotophilus_dinganii	1043	7	21	0.00835421888053467	7980
Scotophilus_dinganii	1675	6	47	0.0205263157894737	6840
Scotophilus_dinganii	1764	6	11	0.00380116959064328	6840
Scotophilus_dinganii	1765	5	47	0.0170175438596491	5700
Scotophilus_dinganii	1845	3	5	0.00292397660818713	3420
Scotophilus_dinganii	1945	3	5	0.00292397660818713	3420
Scotophilus_kuhlii	1961	6	18	0.00730994152046784	6840
Scotophilus_kuhlii	2052	2	7	0.00614035087719298	2280
Scotophilus_kuhlii	2053	2	3	0.00263157894736842	2280
Scotophilus_nux	1764	4	15	0.00687134502923977	4560
Scotophilus_viridis	1043	4	5	0.00219298245614035	4560
Scotophilus_viridis	1675	6	32	0.0114270658979604	6832
Scotophilus_viridis	1845	6	41	0.0140350877192982	6840
Sigmodon_alstoni	1918	2	0	0	2280
Sigmodon_arizonae	2270	2	12	0.0173913043478261	1388
Sigmodon_arizonae	2448	5	13	0.0102897470521842	3680
Sigmodon_hirsutus	2093	15	22	0.0103929969270558	10661
Sigmodon_hirsutus	2094	8	10	0.00250626566416040	9120
Sigmodon_hirsutus	2182	7	112	0.0366913789336599	7980
Sigmodon_hispidus	2093	3	12	0.0131955469803767	1971
Sigmodon_hispidus	2271	2	1	0.00146412884333821	1383
Sigmodon_hispidus	2455	2	2	0.00175438596491228	2280
Sigmodon_hispidus	2541	2	48	0.0421052631578947	2280
Sigmodon_hispidus	2627	9	5	0.00170565302144250	10260
Sigmodon_hispidus	2630	12	22	0.00421434019832189	12200
Sigmodon_hispidus	2721	2	1	0.000877192982456140	2280
Sigmodon_leucotis	2359	2	15	0.0131578947368421	2280
Sigmodon_mascotensis	2270	2	11	0.00964912280701754	2280
Sigmodon_ochrognathus	2539	2	4	0.00350877192982456	2280
Sigmodon_peruanus	1556	2	43	0.0377192982456140	2280
Sigmodon_toltecus	2182	4	23	0.0105263157894737	4560
Sigmodon_toltecus	2183	3	36	0.0213450292397661	3420
Sigmodon_toltecus	2184	2	2	0.00175438596491228	2280
Sigmodon_toltecus	2270	3	6	0.00624715937657114	2012
Sigmodon_toltecus	2271	7	20	0.00786410207940388	5593
Sigmodon_toltecus	2273	5	18	0.0108088657038321	3890
Sooretamys_angouya	1025	3	0	0	2742
Sorex_araneus	3027	5	9	0.00378086981860567	5574
Sorex_araneus	3114	3	9	0.00538587691554051	3378
Sorex_araneus	3115	5	13	0.00582291716459955	4697
Sorex_araneus	3129	3	4	0.00234277844582164	3418
Sorex_araneus	3199	2	2	0.00197238658777120	2028
Sorex_araneus	3207	5	14	0.00685476161893710	4746
Sorex_caecutiens	2867	2	5	0.00438596491228070	2280
Sorex_caecutiens	3049	2	6	0.00526315789473684	2280
Sorex_caecutiens	3126	2	0	0	2280
Sorex_caecutiens	3141	2	15	0.0131578947368421	2280
Sorex_camtschatica	3233	4	0	0	4560
Sorex_cinereus	2909	2	22	0.0217606330365974	2022
Sorex_cinereus	2987	2	3	0.00297029702970297	2021
Sorex_cinereus	3158	2	3	0.00263157894736842	2280
Sorex_cinereus	3159	2	5	0.00438596491228070	2280
Sorex_fumeus	2909	2	5	0.00494559841740851	2022
Sorex_haydeni	2901	3	3	0.00175438596491228	3420
Sorex_hoyi	2987	3	8	0.00495213373081109	3031
Sorex_maritimensis	2909	2	0	0	2022
Sorex_minutissimus	2868	2	5	0.00438596491228070	2280
Sorex_minutissimus	2872	12	8	0.00256512493354599	13680
Sorex_minutissimus	2961	22	20	0.00260119996962102	25080
Sorex_minutissimus	2962	5	1	0.000350877192982456	5700
Sorex_minutissimus	3044	2	2	0.00175438596491228	2280
Sorex_minutissimus	3129	2	4	0.00350877192982456	2280
Sorex_minutissimus	3202	14	17	0.00560053981106614	15960
Sorex_minutissimus	3221	5	27	0.0107017543859649	5700
Sorex_minutissimus	3304	3	15	0.00877192982456140	3420
Sorex_minutus	2835	3	32	0.0192192192192192	3330
Sorex_minutus	2836	2	1	0.000900900900900901	2220
Sorex_minutus	2839	2	8	0.00720720720720721	2220
Sorex_minutus	2840	3	14	0.00840840840840841	3330
Sorex_minutus	2927	10	45	0.0133333333333333	11100
Sorex_minutus	2928	6	44	0.0159759759759760	6690
Sorex_minutus	3014	13	45	0.0119427119427119	14430
Sorex_minutus	3015	25	84	0.0122678846322175	27744
Sorex_minutus	3016	6	15	0.00486486486486487	6660
Sorex_minutus	3017	2	6	0.00540540540540541	2220
Sorex_minutus	3019	13	23	0.00410025410025410	14430
Sorex_minutus	3020	5	20	0.00837837837837838	5550
Sorex_minutus	3023	2	12	0.0108108108108108	2220
Sorex_minutus	3024	3	10	0.00600600600600601	3330
Sorex_minutus	3025	2	7	0.00630630630630631	2220
Sorex_minutus	3104	36	81	0.0121900514727012	39956
Sorex_minutus	3105	27	65	0.00612894105969623	29965
Sorex_minutus	3106	5	14	0.00576755294519046	5549
Sorex_minutus	3107	2	13	0.0117117117117117	2220
Sorex_minutus	3108	6	23	0.00726726726726727	6660
Sorex_minutus	3109	6	19	0.00642642642642643	6660
Sorex_minutus	3110	2	5	0.00450450450450450	2220
Sorex_minutus	3112	2	4	0.00360360360360360	2220
Sorex_minutus	3114	2	5	0.00450450450450450	2220
Sorex_minutus	3116	2	4	0.00360360360360360	2220
Sorex_minutus	3126	3	4	0.00240240240240240	3360
Sorex_minutus	3194	6	33	0.0102724365483608	6659
Sorex_minutus	3195	8	13	0.00373230373230373	8880
Sorex_minutus	3200	4	8	0.00390390390390390	4440
Sorex_ornatus	2626	9	31	0.0267772096692751	3234
Sorex_ornatus	2715	6	29	0.0279982187527919	2108
Sorex_ornatus	2716	3	2	0.00520833333333333	1082
Sorex_ornatus	2805	4	6	0.00807823129251700	1568
Sorex_palustris	2908	2	7	0.00705645161290323	1986
Sorex_palustris	2992	2	8	0.00804828973843058	1988
Sorex_preblei	2719	2	0	0	2280
Sorex_preblei	2806	2	3	0.00263157894736842	2280
Sorex_tundrensis	2961	3	1	0.000587644191671976	3409
Sorex_tundrensis	3040	9	12	0.00401529628390123	10234
Sorex_tundrensis	3044	4	5	0.00228923235792617	4462
Sorex_tundrensis	3129	9	19	0.00491592529940581	9633
Sorex_tundrensis	3158	5	0	0	4895
Sorex_tundrensis	3221	5	20	0.00719298245614035	5700
Sorex_tundrensis	3229	4	2	0.000894058109896971	4496
Sorex_tundrensis	3233	3	10	0.00585360589523017	3418
Sorex_tundrensis	3249	2	0	0	2276
Sorex_tundrensis	3300	18	7	0.00206368911400675	20487
Sorex_tundrensis	3318	8	23	0.00576523618088241	9119
Sorex_tundrensis	3329	6	4	0.00140380438618164	6569
Sorex_ugyunak	3158	2	1	0.000877192982456140	2280
Sorex_ugyunak	3336	2	5	0.00438596491228070	2280
Sorex_vagrans	2715	5	5	0.00652915321624628	1856
Sorex_volnuchini	2935	10	6	0.00158111327701971	10260
Soriculus_nigrescens	2776	5	51	0.0227192982456140	5700
Spalax_ehrenbergi	2574	2	13	0.0323383084577114	804
Spalax_ehrenbergi	2664	5	28	0.0373134328358209	2010
Spermophilus_parryii	3248	63	33	0.00757808499743990	71820
Spermophilus_tridecemlineatus	2630	46	48	0.00393972362345616	52207
Spermophilus_tridecemlineatus	2631	43	18	0.00331973635633178	49011
Spermophilus_tridecemlineatus	2719	10	14	0.00565397984278812	11399
Spermophilus_tridecemlineatus	2721	7	22	0.00866186048478918	7919
Spermophilus_tridecemlineatus	2722	5	0	0	5607
Spermophilus_tridecemlineatus	2809	3	11	0.00645335806476544	3415
Spermophilus_tridecemlineatus	2810	2	11	0.00964912280701754	2280
Spermophilus_tridecemlineatus	2812	3	7	0.00417794106960421	3374
Spermophilus_tridecemlineatus	2813	5	17	0.00702108651787502	5699
Spermophilus_tridecemlineatus	2814	5	4	0.00193376655308482	5693
Spermophilus_tridecemlineatus	2900	3	40	0.0233918128654971	3420
Spermophilus_tridecemlineatus	2991	4	2	0.000877963125548727	4559
Sturnira_lilium	1023	4	7	0.00501981419263669	2445
Sturnira_lilium	1645	3	4	0.00665004156275977	1203
Sturnira_lilium	1646	5	9	0.00446275078601025	3222
Sturnira_lilium	1832	5	9	0.00781613973576786	3258
Sturnira_lilium	1916	2	3	0.00448430493273543	1338
Sturnira_lilium	1920	4	11	0.0110549234848405	2437
Sturnira_lilium	2093	4	4	0.00394337089220697	2353
Sturnira_lilium	2183	4	2	0.00237597285984284	2433
Sturnira_lilium	2273	2	6	0.0102214650766610	1254
Sturnira_lilium	2274	2	3	0.00522648083623693	1259
Sturnira_oporaphilum	1556	2	7	0.0179948586118252	784
Suncus_montanus	1956	12	15	0.00396065922381713	13680
Suncus_murinus	1956	6	93	0.0411695906432748	6840
Suncus_stoliczkanus	2497	2	3	0.00263157894736842	2280
Sus_barbatus	1784	3	5	0.00292397660818713	3420
Sus_celebensis	1696	3	45	0.0266081871345029	3420
Sylvicapra_grimmia	2626	3	12	0.0155642023346304	1542
Tachyglossus_aculeatus	712	2	0	0	2280
Taeromys_celebensis	1606	2	30	0.0292682926829268	2051
Talpa_caeca	2928	2	30	0.0263157894736842	2280
Talpa_europaea	2928	2	12	0.0105263157894737	2280
Talpa_levantis	2814	2	0	0	2262
Talpa_occidentalis	2743	3	11	0.00651012039497425	3390
Talpa_romana	2750	2	1	0.000877192982456140	2280
Tamias_alpinus	2716	4	38	0.0183649915697640	4467
Tamias_amoenus	2716	3	1	0.000595770032767352	3357
Tamias_amoenus	2805	4	17	0.00851852167760878	4518
Tamias_amoenus	2896	4	148	0.0697050938337802	4476
Tamias_amoenus	2897	4	133	0.0697050938337802	4476
Tamias_amoenus	2986	2	0	0	2238
Tamias_amoenus	2987	3	2	0.00119154006553470	3357
Tamias_canipes	2629	4	12	0.00536193029490617	4497
Tamias_cinereicollis	2628	8	12	0.00344901245916749	8990
Tamias_cinereicollis	2629	3	11	0.00658558734333938	3371
Tamiasciurus_douglasii	2895	2	2	0.00475059382422803	842
Tamiasciurus_hudsonicus	2628	12	14	0.00716907795292595	5771
Tamias_dorsalis	2628	2	30	0.0268336314847943	2257
Tamias_dorsalis	2629	3	43	0.0256887687713728	3371
Tamias_dorsalis	2717	6	27	0.00966959825635549	6623
Tamias_dorsalis	2807	2	13	0.0116175156389634	2238
Tamias_dorsalis	2808	2	33	0.0294906166219839	2238
Tamias_merriami	2626	3	11	0.00655347036044087	3378
Tamias_minimus	2716	5	28	0.0142984807864164	5601
Tamias_minimus	2719	5	59	0.0221626452189455	5595
Tamias_minimus	2805	2	45	0.0402144772117962	2259
Tamias_minimus	2808	4	29	0.0129579982126899	4497
Tamias_minimus	2809	4	65	0.0306821566875186	4476
Tamias_minimus	2898	3	72	0.0431933273756330	3357
Tamias_minimus	2986	3	105	0.0625558534405719	3357
Tamias_obscurus	2626	3	3	0.00178731009830206	3377
Tamias_palmeri	2717	2	2	0.00331125827814570	1707
Tamias_panamintinus	2716	4	6	0.00268096514745308	4476
Tamias_panamintinus	2717	2	3	0.00496688741721854	1208
Tamias_quadrimaculatus	2715	2	2	0.00178731009830206	2238
Tamias_quadrimaculatus	2716	2	63	0.0563002680965148	2259
Tamias_quadrivittatus	2629	2	38	0.0344827586206897	2241
Tamias_quadrivittatus	2719	4	15	0.00848972296693476	4497
Tamias_quadrivittatus	2809	2	0	0	2238
Tamias_ruficaudus	2896	3	1	0.000595770032767352	3378
Tamias_ruficaudus	2897	4	55	0.0250223413762288	4476
Tamias_ruficaudus	2986	2	53	0.0473637176050045	2238
Tamias_ruficaudus	2987	3	3	0.00178731009830206	3357
Tamias_senex	2805	10	23	0.00741095568737615	11213
Tamias_sibiricus	2777	51	192	0.0228324733402133	58140
Tamias_sibiricus	3037	2	0	0	2280
Tamias_sibiricus	3115	2	1	0.000877192982456140	2280
Tamias_sibiricus	3126	2	0	0	2280
Tamias_sibiricus	3129	3	2	0.00116959064327485	3420
Tamias_sibiricus	3136	6	6	0.00245614035087719	6840
Tamias_sibiricus	3141	11	5	0.00197767145135566	12540
Tamias_sibiricus	3218	4	0	0	4560
Tamias_sibiricus	3225	2	1	0.000877192982456140	2280
Tamias_sibiricus	3229	12	19	0.00454545454545455	13680
Tamias_sibiricus	3235	2	0	0	2280
Tamias_sibiricus	3321	3	0	0	3420
Tamias_siskiyou	2805	3	82	0.0488531426869229	3378
Tamias_sonomae	2715	3	3	0.00178891019686813	3356
Tamias_sonomae	2805	2	0	0	2238
Tamias_speciosus	2626	2	14	0.0125111706881144	2238
Tamias_speciosus	2716	4	39	0.0177185917994998	4474
Tamias_striatus	2815	2	2	0.00177147918511958	2268
Tamias_striatus	2816	2	3	0.00264550264550265	2273
Tamias_townsendii	2895	5	15	0.00801820234231692	5637
Tamias_townsendii	2985	3	0	0	3378
Tamias_umbrinus	2717	4	9	0.00379207625856419	4427
Tamias_umbrinus	2807	3	16	0.00953232052427763	3357
Tamias_umbrinus	2808	2	0	0	2238
Tamiops_maritimus	2233	6	8	0.00339181286549708	6840
Tamiops_maritimus	2322	4	5	0.00219298245614035	4560
Tamiops_maritimus	2412	2	11	0.00964912280701754	2280
Tamiops_maritimus	2505	6	5	0.00163742690058480	6840
Tamiops_mcclellandii	2320	4	4	0.00190058479532164	4560
Tamiops_rodolphii	2052	6	7	0.00204678362573099	6840
Tamiops_swinhoei	2411	6	4	0.00134502923976608	6840
Thrichomys_pachyurus	1201	3	6	0.00300512254125100	3355
Thylogale_billardierii	629	2	1	0.000877192982456140	2280
Thylogale_browni	1522	2	1	0.000877192982456140	2280
Thylogale_brunii	1521	2	3	0.00263157894736842	2280
Thylogale_stigmatica	1163	2	0	0	2280
Thylogale_stigmatica	1252	2	8	0.00711111111111111	2265
Thylogale_stigmatica	1521	2	38	0.0333333333333333	2280
Tragelaphus_scriptus	862	8	26	0.0234455292908530	4448
Tragelaphus_scriptus	1669	2	0	0	1112
Tragelaphus_scriptus	1671	20	99	0.0695096554335480	11120
Tragelaphus_scriptus	1941	2	1	0.00179856115107914	1112
Tragelaphus_scriptus	2010	3	2	0.00239808153477218	1668
Tragelaphus_scriptus	2022	3	8	0.0101918465227818	1668
Transandinomys_talamancae	2005	2	1	0.000906618313689937	2243
Triaenops_auritus	1318	24	7	0.000921974477219864	17366
Triaenops_furculus	1227	17	9	0.00180972945160029	12159
Triaenops_persicus	1495	12	21	0.00665449903242423	8744
Triaenops_rufus	1136	8	19	0.00925778159492532	5762
Triaenops_rufus	1137	12	25	0.00930184407837069	8715
Triaenops_rufus	1227	5	15	0.0102377201792099	3571
Triaenops_rufus	1318	2	0	0	1464
Trinomys_dimidiatus	1024	2	0	0	764
Trinomys_dimidiatus	1025	2	1	0.00254452926208651	786
Trinomys_dimidiatus	1115	5	2	0.00210610200695924	1929
Trinomys_gratiosus	1025	4	21	0.0173140145381644	2238
Trinomys_gratiosus	1477	2	28	0.0385674931129477	1452
Trinomys_iheringi	934	2	3	0.00789473684210526	772
Trinomys_setosus	1386	2	1	0.00335570469798658	690
Tscherskia_triton	2687	2	1	0.00234741784037559	852
Tscherskia_triton	3047	5	8	0.00938967136150235	2130
Tupaia_belangeri	2501	17	15	0.00348843241000104	19278
Tupaia_belangeri	2774	29	21	0.00267911157203351	33060
Tylonycteris_pachypus	2414	2	35	0.0307017543859649	2280
Tympanoctomys_barrerae	658	4	18	0.0178481649069884	2652
Tympanoctomys_barrerae	748	2	16	0.0241327300150830	1326
Tympanoctomys_barrerae	839	2	3	0.00452488687782806	1326
Urocitellus_parryii	3065	6	0	0	6840
Urocitellus_parryii	3066	4	5	0.00292397660818713	4560
Urocitellus_parryii	3157	6	0	0	6840
Urocitellus_parryii	3158	3	7	0.00409356725146199	3420
Urocitellus_parryii	3159	3	3	0.00175438596491228	3420
Urocitellus_parryii	3162	3	0	0	3420
Urocitellus_parryii	3163	2	2	0.00175438596491228	2280
Urocitellus_parryii	3246	2	0	0	2280
Urocitellus_parryii	3248	7	51	0.0225563909774436	7980
Urocitellus_parryii	3250	2	0	0	2280
Urocyon_cinereoargenteus	2716	28	3	0.00132723587930491	4747
Uroderma_bilobatum	1645	3	5	0.00941993933347442	1130
Uropsilus_investigator	2500	2	3	0.00263157894736842	2280
Ursus_americanus	2898	3	5	0.00312989045383412	3195
Ursus_americanus	3158	2	0	0	2202
Ursus_americanus	3248	4	36	0.0170579029733959	4260
Ursus_arctos	2189	2	1	0.000938967136150235	2130
Ursus_arctos	3013	4	6	0.0330578512396694	484
Ursus_arctos	3103	7	7	0.0283353010625738	847
Ursus_arctos	3104	2	0	0	242
Ursus_arctos	3162	5	0	0	5397
Ursus_arctos	3244	5	1	0.000563380281690141	5325
Ursus_arctos	3248	8	39	0.0162754303599374	7861
Ursus_maritimus	3243	3	1	0.000586338317209030	3411
Ursus_maritimus	3336	2	1	0.000879507475813545	2274
Ursus_thibetanus	2867	6	12	0.00351103101622948	6839
Vampyressa_brocki	1831	2	6	0.00526315789473684	2280
Vampyressa_melissa	1288	2	17	0.0149122807017544	2280
Vampyressa_nymphaea	1736	4	9	0.00409356725146199	4560
Vampyressa_pusilla	1112	2	4	0.00350877192982456	2280
Vampyrodes_caraccioli	2010	2	1	0.000877192982456140	2280
Vespertilio_murinus	2871	2	0	0	2280
Vespertilio_sinensis	2871	2	0	0	2280
Vulpes_corsac	2954	2	0	0	2280
Vulpes_vulpes	2690	2	2	0.00175438596491228	2280
Vulpes_vulpes	2716	2	0	0	332
Vulpes_vulpes	2777	7	12	0.00440357466649398	7721
Vulpes_vulpes	2833	3	3	0.00533333333333333	1125
Vulpes_vulpes	2871	3	0	0	3420
Vulpes_vulpes	2961	17	39	0.0135577915376677	19380
Zapus_hudsonius	2719	62	67	0.0264105478183256	62372
Zapus_hudsonius	2809	72	9	0.00115510814000139	72431
Zapus_hudsonius	2810	16	3	0.000844930417495032	16096
Zapus_hudsonius	2811	32	10	0.00318251779644715	32192
Zapus_hudsonius	2899	38	11	0.00108594521067053	38228
Zapus_hudsonius	2901	26	5	0.00159362234552882	26155
Zapus_hudsonius	2902	21	17	0.00342705670737480	21126
Zygodontomys_brevicauda	1915	6	21	0.00670153675789175	5291
